"X" "Y" "Z"
-1.69310463162743 0.885186154252001 0.0217551355619352
-1.70182548843193 0.909873992527482 0.00856242216510631
-1.7030626022364 0.938135107445289 -0.00659960229113437
-1.69924266641214 0.953510961923138 -0.0124583901632488
-1.70165910914883 0.927393704101574 0.00170651593768545
-1.69397923533766 0.900832160369364 0.0149215510195362
-1.69491969916578 0.906281865980409 0.0124448148437747
-1.68631772680538 0.91595064447494 0.0046453792800016
-1.6987615761642 0.939336911077297 -0.00121833916988936
-1.69284467216037 0.938019023877771 0.00414030889500765
-1.69178494977149 0.923113107267209 0.0133958311982864
-1.69156344154026 0.924335981235178 0.0133945488951529
-1.68021916819631 0.923138327027653 0.0168422672659614
-1.68092294727103 0.920326679477716 0.0168681789766861
-1.69818848713664 0.925037300095157 0.0065893415225815
-1.69663680837924 0.929233973945235 0.00853747079161707
-1.68496461723707 0.938487665613821 0.0134543206287636
-1.68532632836618 0.934765776809092 0.0163780225787857
-1.6785042383467 0.906772829874589 0.01688440981701
-1.70560011793337 0.916980559726364 0.0104882576140692
-1.69983573945953 0.928450361805945 0.00121974161798204
-1.68099443060373 0.9442418991431 0.000731488025570861
-1.66961455537945 0.948343363352187 0.00755255575186225
-1.65954691626762 0.911105267441517 0.0109935905861812
-1.69380052537854 0.912714003738177 0.00755322051648509
-1.7043249583389 0.916931741312893 -0.00269226453477998
-1.69990401086184 0.960856389048458 -0.0012218335036241
-1.66460557623527 0.947306895900798 0.00512543363047345
-1.66167150772726 0.929162968764554 0.0158430561713589
-1.68050023929571 0.899397115810788 0.0207444595483356
-1.70004201903161 0.907970388749983 0.00463353010167119
-1.69156684749142 0.945537584527712 -0.0104832279799995
-1.6756450908136 0.946720697948957 -0.00463792023850802
-1.66601635572733 0.929682293654624 0.0144249569363668
-1.66897515596934 0.894805878409204 0.0261863427796072
-1.67584160157865 0.892800457586112 0.0261014690217217
-1.69275404913523 0.904104003945717 0.0172907208833648
-1.69418070409197 0.901591422349373 0.0173419603678215
-1.68913231249599 0.955346245164301 -0.00706800400133729
-1.68846253035689 0.93874342821661 0.0046292674799429
-1.68962875093552 0.90387264328428 0.020313222140206
-1.68706788927035 0.903875912789666 0.020279458637496
-1.67593687425118 0.927474891082508 0.00709515461553927
-1.68215567977318 0.9339206232909 -0.00220233949490976
-1.70283099170398 0.938247897361303 0.000733382096565804
-1.69129570918543 0.913781328128809 0.0100183227353207
-1.6801870402431 0.917407517049164 0.0148854580851838
-1.67435541024093 0.932898621972165 0.00854069713145272
-1.68033171861312 0.924239397338238 0.00317734233406804
-1.68054260465278 0.927143009604577 0.00318173901092468
-1.68094516858458 0.924773432247729 0.00317940037714371
-1.68497860888738 0.92583163900455 0.0251240879521312
-1.67414957639351 0.922409409741672 0.0270913101205819
-1.67857945509045 0.925562344204514 0.0202582775260619
-1.7070046536013 0.927776485420334 0.0143752370191041
-1.71220475708161 0.932312430904352 0.0158665190857163
-1.68697618681399 0.939935636440632 0.019264537279514
-1.67824359805501 0.920631876441493 0.0250936683331711
-1.67676887288322 0.921893728996531 0.0251047476263708
-1.67934694495569 0.914693073525869 0.0250913714474894
-1.69606299495048 0.917438161513545 0.0183122847122967
-1.71492060564293 0.937145055833088 0.0119567267918974
-1.70790963758407 0.952915391172179 0.0124628166623261
-1.68655927819238 0.937087990996496 0.0270466748189661
-1.68933017545969 0.922638769946686 0.0349338323715008
-1.69970307507689 0.90080178865291 0.0281063467008151
-1.71094421521168 0.922848751624481 0.0178015890850963
-1.71149922506324 0.943813666704336 0.0134481770334217
-1.70983009981362 0.943384379036876 0.0133990347664484
-1.69067696883462 0.91917322113205 0.0260923399765195
-1.69509058605648 0.899822202041333 0.0261656333393821
-1.7055565379344 0.921229534448299 0.0138859123333202
-1.70057267638525 0.939728478960101 0.00464718621486384
-1.69525813650578 0.950309253705709 0.007568755727451
-1.70195138834313 0.922354346586951 0.0212031906673324
-1.69371849173325 0.912197600311039 0.0270539699329472
-1.69827951366329 0.910215964033288 0.0192791936306338
-1.70162847386519 0.93300301557425 0.01196312269671
-1.70418836305803 0.92284112116015 0.0119481776315018
-1.69741588292205 0.930395582009539 0.0222076327208741
-1.68800291531332 0.908593666901674 0.0299980560351645
-1.69061671986602 0.906098243141658 0.0300654984959976
-1.68557813643081 0.907649175894843 0.0300411380660999
-1.69231949760499 0.917953618869823 0.00706521488462775
-1.68844038817143 0.916812205857326 0.00708800505094514
-1.69926331759822 0.926341361810151 0.00562750691173699
-1.68263156806267 0.92157787995797 0.00950609123989211
-1.67585983554949 0.926150021650786 0.0104779019732052
-1.69123405007688 0.907962317362096 0.00366006503354309
-1.70767994198324 0.915595340046512 -0.00316961476654248
-1.70867425800938 0.92609672010071 -0.00171190909359466
-1.68481930439662 0.945445148801841 0.00464433013133317
-1.66669522239601 0.938600987157675 0.0100346462000591
-1.66924102908771 0.907729080688514 0.0129552073928794
-1.70080349591623 0.901852266445938 0.00855037835218328
-1.71369581859994 0.910862184534542 0.00171242526840252
-1.69657457787395 0.951140829410788 0.0031764366008757
-1.66723183899049 0.953906164586177 0.0144168113304293
-1.66708530478421 0.915690883527466 0.022705541650815
-1.699660245945 0.896022375363851 0.0221942634515373
-1.71951432647459 0.905448341031258 0.0105183031333799
-1.6992077541033 0.954034404303024 -0.00366713494157523
-1.66403014738986 0.954228079272349 -0.00122113695104872
-1.66680363392772 0.927434331958166 0.0144220022657512
-1.6862098914244 0.893583577750466 0.0222583421833387
-1.68504285918531 0.896607659854843 0.0221699429600568
-1.6974727014399 0.909021872280858 0.00998851676120646
-1.69380605963988 0.943089302761286 -0.00365366271138669
-1.67959572196949 0.957708948828689 -0.00463884494595685
-1.67701265237936 0.938901429481675 0.00950295321932648
-1.68272987697674 0.896500465521624 0.0221791056985738
-1.68734460054634 0.910555661410164 0.0173119583797903
-1.67590280136443 0.931248152487681 -0.000244272381962012
-1.67409359433842 0.951396475716636 -0.00561539253604034
-1.6901977389032 0.929897374888382 0.00219573165254394
-1.68379894377049 0.899509039899539 0.0154157179773427
-1.68530331978147 0.908610955359554 0.0168326511325841
-1.66717338460806 0.931198672796673 0.00268730875558567
-1.68452261132589 0.953070933005879 -0.0075720516635151
-1.69119771796903 0.940253927594986 -0.00219989035427221
-1.68966535449631 0.906811121819824 0.0119491771970505
-1.69639265340277 0.910194950072761 0.0119714100396436
-1.67198603830726 0.922623075994807 0.0139250137046758
-1.67818717527791 0.943666248963886 0.00317408588986995
-1.69291952674808 0.936573087865147 0.00366957106848912
-1.70049175354977 0.920253193406693 0.0119521320793008
-1.68509760272174 0.924308597524454 0.0144046081348871
-1.670130207457 0.927569998886316 0.0139108440008964
-1.66896830052741 0.926938362668279 0.013925655426073
-1.6711052718147 0.931659055095014 0.00709460405597496
-1.68973693869372 0.917453638703316 0.00514081702560602
-1.71295985431787 0.931384929709979 0.00609414302220864
-1.69253933779163 0.929491113674781 0.0104969964563846
-1.6758863646999 0.945716265809386 0.0158356853082552
-1.66755185204269 0.926377440854022 0.0178608513283608
-1.69726358112999 0.911574950821045 0.0163642612160651
-1.71352094568297 0.919689909466222 0.0124742356444666
-1.69135236327947 0.936966540863783 0.0114957738835763
-1.6818130574607 0.95078195297597 0.0193203598788002
-1.66627357641572 0.920970138229315 0.0251804139659204
-1.66863284335134 0.922366542500344 0.025105701293077
-1.70390531943306 0.916229345387552 0.0197465033347079
-1.69970849336202 0.940588967852405 0.0153655122991147
-1.68771175600934 0.94851180516837 0.0217090556311232
-1.68396139712905 0.929595535982837 0.0315231585057392
-1.69600429892498 0.91539878660273 0.032924082636923
-1.70576902980864 0.914355628315684 0.0251643650147113
-1.71306307494943 0.938474450292377 0.0168574855261691
-1.70048503495256 0.942710223722096 0.0158544840140873
-1.69709235862231 0.926097991842397 0.0280571548956462
-1.69129495520909 0.914906535556468 0.0359638183721357
-1.69451324587327 0.91793378388448 0.0256982648872791
-1.69326825014576 0.916353118642189 0.0256762256853144
-1.69973424050409 0.934634729777108 0.00949872971358886
-1.70314943912539 0.94083512382492 0.00415121135778207
-1.70424476967817 0.928301810007001 0.0109632368297602
-1.69185741006901 0.923981826259982 0.0216949662649243
-1.68482798376973 0.921273607239584 0.0222044641065251
-1.69958609842824 0.92814440339571 0.0182829193947923
-1.70252880602633 0.928827941745371 0.0139480022604794
-1.70596229513351 0.929164090246804 0.0168515178721847
-1.70168097286201 0.930344466091825 0.0227156623672355
-1.68642533009071 0.924898158359164 0.0236750147782252
-1.69643544728119 0.919810790258066 0.0177845431028821
-1.69741332955168 0.909561550445903 0.0153906033465019
-1.70591892744109 0.910309729074584 0.0148757256880333
-1.69178427211816 0.935456490784391 0.015394666478393
-1.68603980152868 0.934704545353884 0.0119661310541716
-1.68559054958856 0.930186191744625 0.00805384327699597
-1.70667104051707 0.904682008244798 0.0022018839643826
-1.71685028985354 0.909398646378515 0.00170736892812434
-1.70159950290162 0.939662324883352 0.00121976454487666
-1.67668274839318 0.944259623618562 0.00708497699818346
-1.6823173869259 0.93738304123339 0.010473723787192
-1.69285673412682 0.900421012962727 0.0109784755543652
-1.69266330970295 0.904272119475697 0.0109590020958814
-1.71024100351041 0.900409730945601 0.0080369616975343
-1.70278767974102 0.936040799982643 0.00415864469221636
-1.67463346488965 0.945168686716817 0.00855661962395286
-1.67397601917014 0.950935282286605 0.0148556664087137
-1.69076753904837 0.903690790384428 0.023204751367927
-1.69890272501184 0.908222773261942 0.0183528776548021
-1.70699613634771 0.91626912136227 0.00758688591422614
-1.67852717898055 0.946955126555052 0.000733713775543179
-1.67009282646761 0.942914323305308 0.00903801019883089
-1.68045505112963 0.913208116911515 0.0173158559126326
-1.69715384060384 0.906641103633888 0.0143891685829833
-1.69215996945654 0.906634459836768 0.014404935223896
-1.68780650999719 0.95051929625797 -0.00268431207146161
-1.6672792857079 0.943548671609751 0.00268523733419195
-1.67545856233957 0.92901037377159 0.0143877958948235
-1.68095794035856 0.911693964817312 0.0158723032291967
-1.68197728352249 0.910119525218634 0.00854711430307924
-1.69372001402956 0.936931424951645 -0.00121861876555809
-1.67699117897393 0.935514048085037 0.0026844096248727
-1.68340612614541 0.935628431347216 0.00268819212371705
-1.67847687990614 0.919386286139171 0.0192599281840955
-1.67239282458017 0.916891112248974 0.00905561562454185
-1.66883958738584 0.912688254180611 0.00903911172148169
-1.67309558116855 0.913360908289377 0.00901504965917494
-1.69602686713898 0.935921376544015 -0.0100011071402753
-1.69372765038184 0.931878386776676 -0.0100159559355475
-1.68044282344845 0.926942018038813 0.00758481224217288
-1.65969373456791 0.918833096355923 0.0139258431338166
-1.6779049990174 0.919576575094868 0.0105230241746911
-1.69615649061551 0.93096133087129 0.00463043434972271
-1.69226801337224 0.930244913625823 0.00366996088717528
-1.6881231403357 0.932883712163113 0.00902799587277937
-1.67041342422015 0.926397319515429 0.0158439258657127
-1.66914988888139 0.920574969936388 0.0163912963618192
-1.68298748663035 0.917582358292238 0.00953572053851765
-1.69475605405783 0.917670776087518 0.00414630396043521
-1.69115962713127 0.935180066855131 0.00511533377176081
-1.68006591943886 0.933548192313176 0.00756240755054917
-1.67417136486601 0.93027603167049 0.00952838566940603
-1.69048904118133 0.925961613835182 0.00954245599019426
-1.69826300275218 0.92931275903912 0.00463561507172425
-1.69401609329992 0.935932657241879 0.00219409561298414
-1.68425890562203 0.937130999002545 0.0119910086758184
-1.6746682836274 0.921443900284468 0.0232355726614113
-1.69064814161359 0.922225251944892 0.0231896249653332
-1.69614731524766 0.924897884010076 0.0158854103879946
-1.69763271138198 0.928112952128612 0.0158779280216991
-1.70303204535687 0.942891631627687 0.00953471125030006
-1.69205951293157 0.934861823179044 0.0153856499895703
-1.69286908027319 0.936034768404986 0.0154109953132202
-1.68665000701658 0.918358112951627 0.0359158652142174
-1.69080820057915 0.917614331004056 0.0305570091924166
-1.69796067252711 0.925408490085156 0.0168576503510023
-1.69599948955191 0.934185452173899 0.0124409290766104
-1.70640989562224 0.928518123387035 0.0212438625661385
-1.70114960453037 0.930377294613195 0.0261381202333141
-1.69031797629328 0.926827237644579 0.0280843947615777
-1.69805322498683 0.926951922902449 0.0217622281627599
-1.70820222766752 0.920253039200144 0.0134345202385718
-1.7106943423351 0.928216327393252 0.0105181392915817
-1.70047453697612 0.931713302175282 0.0178232209855335
-1.69172665705445 0.938261855473257 0.0227231898602076
-1.6894527964329 0.929218131432884 0.0226977413814773
-1.70792035688513 0.913247608890374 0.0178312994220449
-1.71124352110327 0.920832768651947 0.0163301489748638
-1.69450047681672 0.923736410191372 0.0207721565659593
-1.68623905038861 0.943206491682713 0.0212150669635896
-1.68482730942791 0.929694306168314 0.0188026810794417
-1.70533882472768 0.918628838312982 0.0158604121457515
-1.71221744954013 0.915635753821044 0.0158600295074386
-1.71764580845974 0.916113293250686 0.010492508558107
-1.69938346755316 0.920854020729916 0.0148940807302097
-1.67977829890334 0.934482832715371 0.0187988930958081
-1.67544180356797 0.932613717188738 0.0202296953611904
-1.70012853876315 0.915410238774044 0.0144181468149872
-1.70010921356586 0.912781588152925 0.0143700231599854
-1.70876679608383 0.921047680255714 -0.00171140331691214
-1.69290982954571 0.934828344212906 0.000731210620986549
-1.67923398948309 0.926271636989533 0.00950977730676606
-1.68099949668484 0.922685730523629 0.0144373674609411
-1.69826970330474 0.910595727269811 0.00905088054439925
-1.70085252732709 0.921135252589685 -0.0012212546433622
-1.6963861108928 0.931067349112259 -0.00122202849974837
-1.69770584135136 0.933354093605041 0.00756715103606137
-1.67782765276301 0.931803059794652 0.015854883005793
-1.68358673561202 0.914195065697629 0.0178638073879781
-1.69897024107955 0.922412222256097 0.0144049961026056
-1.68993728411086 0.920715406417806 0.0109644735369699
-1.69402517064522 0.929008222706758 0.0085611383875575
-1.69536249284801 0.9268195390749 0.0085387312646931
-1.6837419360959 0.92335674547355 0.0173667553594557
-1.69558162284187 0.934379455686693 0.0119561450487479
-1.69348718303859 0.92051091254532 0.00610677816920904
-1.69153773926761 0.91673842456259 0.00610956922738581
-1.69487324605558 0.928540992470709 0.00219375029481343
-1.69837350280569 0.927788036635215 0.00219533949236947
-1.66956675770966 0.929096939745021 0.0134081956534422
-1.67732738184597 0.939422276443066 0.0124610374869563
-1.67874322312012 0.939742371960266 0.0124730237855074
-1.69164895514341 0.9267188127929 0.00414508038500359
-1.69468891131771 0.919035290450946 0.0066035584100499
-1.67227275783264 0.943222287251841 0.0100106231811757
-1.67260515451581 0.92602515681362 0.0149030508257509
-1.68450530877665 0.924534852198861 0.0129193329438264
-1.69575428706363 0.913720149814724 0.00659406516881965
-1.69328751237762 0.915285734342624 0.00660610576839395
-1.67530060321782 0.938792236487539 -0.00171212778154411
-1.67676234050867 0.94196196481399 -0.00171337347147058
-1.68133284939731 0.925137452300967 0.0129523089790145
-1.69414609957102 0.913562887450296 0.0100081136658462
-1.6936993721338 0.928558152476375 0.0041401679284735
-1.68338463786852 0.938821444919415 0.00512498491948118
-1.67109307477227 0.931644646358647 0.0095274036720801
-1.670894978657 0.932592903857653 0.00952325245255177
-1.69055580907665 0.907057675814612 0.0143965116103916
-1.68782622082647 0.92148303298845 0.0070623181888151
-1.69027006320266 0.922225095547056 0.00706251000382807
-1.68677113800906 0.925590778127862 0.00708348574437979
-1.66987311738073 0.934995811317885 0.00561542342069931
-1.68641017066393 0.922812905969369 0.0104990609320965
-1.6883441459775 0.916592077709638 0.00856128262931726
-1.69187849834356 0.927126899775624 0.00757768830714503
-1.68297661635988 0.937616756294519 0.00171227114310547
-1.67658129568048 0.935747445000605 0.00219510212830666
-1.68796401423205 0.93272802427872 0.00708209171587927
-1.69519260954068 0.917896434038588 0.0139051987607724
-1.68954406982113 0.939745466410963 0.0139374485301478
-1.68330481240681 0.942884771922396 0.0129185885990047
-1.67824473611612 0.942910496895453 0.0129281116722402
-1.69996574473137 0.925661716953187 0.0173300249318073
-1.70172025405887 0.923809356176853 0.0173341092316482
-1.68935610599542 0.944041571906632 0.0266239191933043
-1.68119825942508 0.928543956055354 0.0242141939020773
-1.69524465046 0.932256187356332 0.021201431645758
-1.70459386837112 0.911557253325483 0.0251377490367179
-1.70501388026783 0.919363610121937 0.0290757779381453
-1.68201324318341 0.935248553502388 0.0280398630989952
-1.68402418012526 0.934180478246913 0.0281159609062934
-1.70337757153835 0.937838365749699 0.0182753132855008
-1.70453026288398 0.937777382329481 0.018322999857811
-1.70080969567659 0.936711138715543 0.0183153599214429
-1.71518442501871 0.922999125063053 0.0178343481290699
-1.68890692027541 0.936698808315287 0.0197322573771116
-1.6825647233574 0.944152474533645 0.0217074710781996
-1.69865888661046 0.935554953332374 0.0202731004942585
-1.71014524860353 0.918513814548982 0.0193238921838251
-1.71349787250471 0.914623327447855 0.0183374074916505
-1.69291281470751 0.925234766953361 0.0198083646621855
-1.67665277686199 0.932190695119663 0.0251165379022856
-1.69624756254548 0.932752391417598 0.0246275401425707
-1.71415128556093 0.915994755128942 0.0173321344108159
-1.71437677787816 0.916258044212086 0.0124296177123589
-1.70268733155004 0.921975119111523 0.0148921317640324
-1.67558583913357 0.935939515521157 0.0158963712963511
-1.68493391044229 0.92728668994662 0.0178260293579879
-1.7068275008172 0.920267897877615 0.0158509547436747
-1.70973781707807 0.912299728689644 0.0138985410146196
-1.69976139331219 0.921753981322218 0.0129583074924456
-1.68327932432686 0.932719779345071 0.0173064266209841
-1.68204275787756 0.924601454886128 0.0138939448235545
-1.69989045953736 0.919458806339744 0.00950724794631991
-1.69885254829428 0.91431308815046 0.00317004698394431
-1.69817069617951 0.917315500620197 0.00171102675226136
-1.6978302378804 0.919653706360462 0.00170623708776925
-1.68681381371192 0.928749240929239 0.00462929136457753
-1.67956525268455 0.927636525878428 0.00561767838532353
-1.70479900961595 0.922197554701794 0.00414366810940817
-1.69903633096717 0.915917734029272 0.00706817359766574
-1.70028966113254 0.920425881788375 0.00953999815786075
-1.69552746473628 0.917757951055499 0.00950240163801248
-1.6829629418393 0.932572402468587 0.0124780838667821
-1.68695959057688 0.921447880487667 0.0119686053608606
-1.68269908630814 0.922269074599576 0.0119429101509867
-1.69066322775372 0.926171054367842 0.00856220812508618
-1.68359004991541 0.932368922566409 0.00414948487594107
-1.6933270389883 0.922802892468449 0.00854555554007797
-1.68455933911726 0.919972081289174 0.0134280365404143
-1.68170789457146 0.922620482209337 0.0153810976761991
-1.68287621209642 0.931231823338635 0.0119725587685636
-1.69748299317339 0.939878689746763 0.0100175165653488
-1.68922532889994 0.926945988915684 0.0119443381632146
-1.68562179664446 0.918922227157177 0.016813558564986
-1.67306550832178 0.920516677186661 0.0193029543724791
-1.67151047584665 0.920694080070062 0.0134212109444369
-1.6826570483529 0.937638442414554 0.00414505798485293
-1.69342806322018 0.926410095011307 0.000244255624476266
-1.68261018514788 0.934679794600942 0.00414466010608571
-1.68124960913661 0.934506903130562 0.00415652904442797
-1.66561000092774 0.911991239377173 0.00999975343937564
-1.67498561459339 0.929045427916119 0.0051233355029803
-1.68877805299445 0.921639576314379 -0.00121974254837476
-1.68721351390893 0.941606196704125 -0.00464646699700591
-1.69200719601019 0.939536455432791 -0.00463815916120101
-1.66755399086904 0.918910767653627 0.00951006203785102
-1.67754163801416 0.923801169986245 0.0114902236174771
-1.6843643925307 0.930039026295059 0.00805659779613987
-1.69311569504346 0.938206464886997 0.00709234663624735
-1.68390163448677 0.927719568213589 0.0104838344458403
-1.68594532148194 0.91673016740636 0.0153611092199461
-1.67388327294499 0.918092127084376 0.0129262462567549
-1.67662013546707 0.927366027220214 0.00950540717849325
-1.68828892586402 0.932611613156782 0.00512827754722735
-1.68192539254477 0.922807838917938 0.00170589486482424
-1.68819075642965 0.914690259258658 0.00511637145819161
-1.67630938038843 0.927072139806205 0.00904240897213283
-1.67184043991869 0.927216589102157 0.00463879165896978
-1.68053675910047 0.943941384996583 -0.00170786047236052
-1.69794913861833 0.924204923247495 -0.00122235637739694
-1.70129427037921 0.929060813488996 0.00121730274885595
-1.6916246714857 0.917388328002907 0.00951408163646477
-1.69049323973345 0.914634721791811 0.00954198052718611
-1.664439012406 0.931316809302453 0.0168555684228083
-1.67015563279345 0.930337406633559 0.0168761143530971
-1.69099497593552 0.926046194862362 0.0187723544643447
-1.70483843938539 0.925594445379375 0.0188092756378278
-1.70505488842951 0.925374622424786 0.0207747506819105
-1.68831201934055 0.937744313549157 0.0242169061142876
-1.66928611751329 0.924636766116356 0.0295376317653208
-1.69479288054615 0.917549116373155 0.0291235262310692
-1.71105838329378 0.92445828372314 0.0192582617970191
-1.70919077442329 0.923998973572843 0.0193063103091591
-1.69498210274886 0.949294913757135 0.010004331560379
-1.68087908551299 0.927647400799104 0.0188002589971847
-1.69615483650307 0.922370736449506 0.0256809545442089
-1.71769507211286 0.921327006183713 0.0226672842074637
-1.71590368126638 0.91997882024849 0.0226604739008574
-1.70287535328943 0.948981245955623 0.0202838177914799
-1.69260116054475 0.922649455118296 0.0305226524138242
-1.69055793369826 0.926388387595263 0.0304661579998668
-1.70722402347844 0.917187430727878 0.0281346772993798
-1.7052746454999 0.943492966059743 0.0158973785853362
-1.70586365566551 0.935951241073758 0.012452678516386
-1.69197876590323 0.919469863319833 0.0177857391838378
-1.69533393438697 0.919496428128278 0.0177851367892815
-1.69590764048112 0.907417275181643 0.0241433375566428
-1.69435367162078 0.913906141816047 0.0202873582330074
-1.69555584372884 0.913136304591449 0.0202569428693647
-1.70652657465212 0.944501736984626 0.00268457383250358
-1.70777768134272 0.920760774837206 0.00707044536277768
-1.71134769604111 0.919630348495192 0.00706886960930536
-1.69316879308875 0.901736899699787 0.0276313189811784
-1.68933149791405 0.937213092984464 0.0202204188260192
-1.68458883931071 0.933539381182511 0.0105051470392308
-1.70683267571728 0.928128728372627 0.00660006216541774
-1.70853444129411 0.90890389182184 0.00952579171836987
-1.69415555975968 0.904357980680742 0.01539436865353
-1.68219146778051 0.931483145026278 0.0168624373495581
-1.67255982020832 0.923638563312844 0.00951278295692249
-1.70407172961582 0.926869085163167 0.00366057635865976
-1.72123083610787 0.917599937494215 0.00366820910960478
-1.70207726400455 0.915061734587493 0.00414500839497067
-1.6836438692143 0.92787313474083 0.00611135406373653
-1.68206597952672 0.928934328924197 0.00610578275986638
-1.69016540231353 0.927105027532683 0.0051240285865363
-1.70994746437304 0.921484830504747 -0.00121697304312075
-1.69889545676951 0.927158075048417 0.000733152879427797
-1.67166956468551 0.93339506579992 0.0070974238944808
-1.67826917405057 0.929701284620599 0.00707356029347973
-1.67729525536875 0.916318846071485 0.0158883326909849
-1.68522497123605 0.921592172206719 0.0183553770055019
-1.71594055128851 0.923182214782341 0.00999393823329898
-1.69785541469272 0.945907750292076 0.00561867928314647
-1.68780436158759 0.930075253664127 0.011961347540947
-1.66871926661878 0.923708642789653 0.0187835528531088
-1.6849367716951 0.905325769927068 0.0212179319857055
-1.69601732680881 0.928962421961069 0.00806823210637558
-1.68907956609899 0.940234135094681 -0.00366237012144389
-1.68245817691837 0.941519432330991 0.000243699150752816
-1.66986215526833 0.925929882072462 0.0109645431035118
-1.6758682084618 0.907055379414184 0.0134304268487729
-1.69685892912665 0.925263983912508 0.00562687645101713
-1.692787123966 0.942079481213809 -0.000732168925280766
-1.684757152807 0.937394247865492 0.000243776680286629
-1.67721670233261 0.9231192394786 0.0134602809385449
-1.66951466561633 0.912291081279463 0.0217078032819677
-1.67797050338612 0.922098875955476 0.0124349111278283
-1.69352232474887 0.947088505740798 0.000244194720651573
-1.68442371243423 0.933123994303633 -0.00219265137264369
-1.69235352127187 0.929881877353709 0.00708133812399921
-1.67347153859341 0.91078126712963 0.0159036924164546
-1.67999520941058 0.908770279666226 0.0158719398543653
-1.67293729139993 0.91674771839366 0.0168638298591698
-1.68153294134471 0.929734942829718 0.0124374128153719
-1.69302529789723 0.925820427558633 0.00853847628886209
-1.71208827261788 0.936177391628608 0.00657780077251129
-1.6853182241222 0.921417759467419 0.0109780681582948
-1.66826275263531 0.925564695016232 0.0158983145528343
-1.6687699740377 0.919271873797623 0.0139219606581428
-1.68750683097812 0.917340514736368 0.00513078213769148
-1.7050183220279 0.933145101650401 -0.00121764101022657
-1.69530334754304 0.932624314080763 0.000244383315592757
-1.67827392967791 0.940654006780996 0.00562081161106864
-1.66783973470573 0.909819214272908 0.0149251190847138
-1.689111277154 0.913531959259612 0.0163726622774803
-1.69849882402044 0.922702762142645 0.0119587761095296
-1.71133762320862 0.941061996917289 0.0114850535924549
-1.67714290874016 0.949626528560018 0.0173236524448776
-1.66766401499544 0.900852170436004 0.0281031794128424
-1.6896099434764 0.917527444082709 0.0304540873497604
-1.70006127312825 0.904353219699961 0.0183028994995233
-1.71109529207898 0.956147595890281 0.00464301997114227
-1.69486487392138 0.9399824846027 0.00804415283161117
-1.6708329945599 0.914880676804532 0.0226604282634059
-1.66756132516759 0.916497463621152 0.0227281034363721
-1.69193898668269 0.906067891878774 0.0285816467438276
-1.69036698996394 0.915871325243524 0.021691015839846
-1.70731799460652 0.950745760984797 0.00658267910090029
-1.70906206198028 0.953846186668956 0.00609965673621939
-1.69693004406187 0.927274276716045 0.0241693056218733
-1.69060834383811 0.905856307173354 0.0369048290350207
-1.69077694756615 0.919787493964004 0.0369557471451076
-1.69518660694133 0.938307922619087 0.0236347862971627
-1.70409246078204 0.951276926541224 0.0163537416807991
-1.70440124913414 0.924252491491895 0.02031209542506
-1.69717324640967 0.909359097363085 0.0280858939558266
-1.6865077436872 0.909820818076372 0.0266635300159358
-1.68325301735787 0.928085920691567 0.0177782423374959
-1.69819251959625 0.944432791921806 0.0104967262994188
-1.7067119369803 0.938463855276538 0.00999529305634105
-1.71663031299068 0.916641607718028 0.0153605937624435
-1.70183669820687 0.920731961591024 0.0207227890025761
-1.68505695192342 0.921525875634732 0.0207096890026995
-1.68320837153241 0.931789078100291 0.0158637006672438
-1.71095087534753 0.934615931902472 0.0124363975748884
-1.71037206103967 0.933748116637729 0.0124748632814917
-1.69739356245028 0.921397832122693 0.0173136031805836
-1.67183593889249 0.908232094415391 0.0256809163537988
-1.67497322803455 0.908290562813832 0.0255789200865328
-1.67498436178745 0.915704065994883 0.0236490248647612
-1.6717329650027 0.916143484231497 0.0236478853331348
-1.7141314375098 0.926713934977119 0.00609755854076925
-1.70534854757173 0.940257613627325 0.00122236566887123
-1.67816341288116 0.915754422482787 0.00949966540384577
-1.68163131963117 0.903767803524107 0.0134388105655435
-1.69717363207617 0.914144516974111 0.0104846194176349
-1.70165295625952 0.932838324018782 -0.000243993872996601
-1.69963673811352 0.956964274940092 -0.00512474700793621
-1.70270076080366 0.956010205788747 -0.00513425035059904
-1.6770026761871 0.916490441213421 0.0109962990373218
-1.68672520810371 0.900813162838801 0.0153871760033177
-1.68300149572054 0.903757504412705 0.0154056417463529
-1.6974887166434 0.943333314542931 0.00365953244576317
-1.694835674985 0.924690969174531 0.0124748428730737
-1.68087870343159 0.912896804234196 0.0256116332089346
-1.67683458043205 0.903945171004354 0.0280646126130985
-1.68372092296429 0.940135589195353 0.0143775350627015
-1.68491046165231 0.936679292313948 0.00122174745630072
-1.70469966348423 0.929815264690353 -0.00121902731090263
-1.68738138188933 0.918721664468825 0.00806095348699882
-1.66509093770605 0.910634126954342 0.0110069944225635
-1.66896241532591 0.906234259080785 0.0109723216238683
-1.67213147966484 0.94131256011001 0.00560850875423631
-1.67077039150144 0.927576924763658 -0.00268168441750182
-1.70629631512537 0.940791158242452 0.000731855323267104
-1.70127924272647 0.918534438305217 0.00707852117057
-1.67621363486607 0.93049215381638 0.0192665540487568
-1.65310810124318 0.936798157047993 0.0208002597520673
-1.66514495747221 0.91801452272532 0.0143990078827762
-1.70306213591073 0.922564182008019 0.00660667388608307
-1.71303801478351 0.915700989066443 0.00121892446843996
-1.69456801691363 0.950158919635 0.00512401230263636
-1.66022133624754 0.947657020501976 0.0100345404145408
-1.65919549414317 0.92061881551326 0.0139271760096166
-1.69442893673056 0.901760720520952 0.00999765744277702
-1.71585527399895 0.914498207144552 0.0026806181857797
-1.68798334603828 0.950501696177727 -0.00268866689122461
-1.65988551026735 0.955391864700984 0.00122192678594342
-1.65680457004802 0.916993623740383 0.0134451094509946
-1.68253909291417 0.889558968684604 0.0192634511854525
-1.71106133735705 0.914679951622925 0.0100119795911469
-1.69115660402821 0.961841227573789 -0.00317495118418752
-1.66679405338108 0.963642682977962 -0.0022010655557546
-1.66131029418987 0.919502238713064 0.0129645837502083
-1.66122410428982 0.923933162580104 0.0129272562257812
-1.66259418555779 0.923177393181472 0.0129344435873702
-1.70578925852722 0.908649533262268 0.0129374014522205
-1.70241520709728 0.959371880383395 -0.00366032030186856
-1.68555404314956 0.96192323889655 -0.00317323492394364
-1.68121362289854 0.929542917759853 0.0149003780665772
-1.68441493985536 0.885604510109034 0.0319462134501387
-1.69531258776913 0.912527962156213 0.0265982530624951
-1.68777189665376 0.951067212107053 0.00561315997426836
-1.69328635079209 0.96578750302494 -0.00513076734015276
-1.70011733353352 0.930534869092819 0.00856403216923928
-1.69338238562731 0.890212844328698 0.0290756958168118
-1.69892454079988 0.891449110285804 0.0290156333340867
-1.67113985902812 0.93863534102425 0.0187865376924165
-1.68162234032041 0.957708734002731 0.00905385373812305
-1.7233319063344 0.937589835408352 0.0144210273454536
-1.7151610620032 0.904484425142263 0.0251605615218993
-1.69278920013452 0.917553410938206 0.0335047081788274
-1.66604414301866 0.939357662513465 0.0299862575832207
-1.68116786892657 0.940507314319893 0.0197970841010731
-1.72433058725781 0.927144775092734 0.0168164354846635
-1.72522256732461 0.926751003256018 0.0168700790827349
-1.7100549258067 0.928579626068121 0.0261507008236746
-1.65561413427074 0.933410333179409 0.0251604869762928
-1.65805234213644 0.931480771367923 0.0251466539767967
-1.67431544583577 0.931204155369315 0.0203087975985851
-1.7245119802098 0.911317497687584 0.0115008204656647
-1.74686961638139 0.93028445502698 0.00758277677333973
-1.70283624614735 0.931793766014924 0.0143913612977108
-1.66796556649691 0.938011473296295 0.0217414003995375
-1.66840953616229 0.913917603360857 0.0246119283920809
-1.7106018294022 0.899958177254851 0.0178246735348231
-1.74404074549457 0.933824157409096 0.00560720477217117
-1.70695623681554 0.956703221600192 0.00170740249750143
-1.66954759745037 0.948568310545748 0.0143799101709182
-1.67647741051039 0.903974329324138 0.0255897485609356
-1.70896564016351 0.889360088576983 0.0270844900929675
-1.71536041610129 0.917234186107319 0.0138839066722478
-1.70386065987575 0.959582522575888 0.00268486243299047
-1.6882235958364 0.945289395788525 0.00659365714853935
-1.68612056665453 0.912041437313744 0.0193075996822579
-1.69734641045509 0.88411086282466 0.0246802704221936
-1.70663770497663 0.915613144258062 0.00757744787357528
-1.69655597038374 0.950101192548119 -0.00952859037461037
-1.67843007611267 0.951298978497097 -0.00904159602140749
-1.69714920697416 0.918641918417105 0.00268190550000542
-1.68410567387613 0.893433973013855 0.0134514302596906
-1.68502750478955 0.891618370833277 0.0134469645672999
-1.68711652928506 0.91587381575175 0.00755793855743866
-1.68654185293641 0.945548793464765 -0.00170994756877518
-1.6905570310185 0.956982174475553 -0.00366850469170313
-1.69822166322128 0.926470572384019 0.0119527854621743
-1.69723684611269 0.901134041433008 0.0281426270439153
-1.67525345592844 0.911661525808586 0.0265789155816086
-1.67881417738368 0.92448647201659 0.0148860285052752
-1.69752539235941 0.942921272807281 0.0036617603688448
-1.70072873584703 0.930120565941145 0.00268028118088095
-1.69783566843643 0.92258713350006 0.0134360097620219
-1.66502881459353 0.912482887444245 0.0173425192223355
-1.65812443671221 0.922909640030239 0.0109781152622859
-1.69580615923437 0.932529645498419 0.000243769672317789
-1.70232776644086 0.936910639330347 -0.00757181686687078
-1.6983205555403 0.942603393839139 -0.000730241242318908
-1.65761167805443 0.928320051161898 0.0109698219934689
-1.65041727317761 0.91216125381246 0.0148952534835154
-1.67942662305208 0.910903738297932 0.0109633352776034
-1.70937714801539 0.930398074229109 0.00268222288209889
-1.70100814471345 0.947427435080751 0.000733517801575921
-1.66297275546508 0.937404349755543 0.00754954578311082
-1.65643322723802 0.914465632595353 0.0183473734069785
-1.6646578347979 0.905587412074505 0.0163648754434945
-1.66548378210469 0.903822815308835 0.0163315563174121
-1.70525217926298 0.916706757036047 0.00170690287175167
-1.70583675369496 0.915798032017093 0.00170881609434894
-1.67906884602519 0.948252034506175 -0.00462913002902885
-1.66715156301017 0.920711346874927 0.0144389977376266
-1.65837483780403 0.897592536496658 0.0227530101285827
-1.67266282815724 0.912952383034015 0.0114833890947808
-1.69720979996423 0.951467555844952 -0.00560297314518308
-1.70316397185805 0.951646624391092 -0.00706481647764738
-1.68272985717172 0.927086136815692 0.0124591012291207
-1.66867039184105 0.901445607419327 0.0295279336196067
-1.66400975843295 0.909562605063179 0.0256998506012408
-1.68491484846753 0.937298219647732 0.00903477355384546
-1.70688856402355 0.949663301214002 -0.0012172625328816
-1.71308816058 0.935928168029783 0.00464579008129126
-1.69500902151615 0.914141052176103 0.0197671932721207
-1.65888076273598 0.911979344532033 0.0251756484695468
-1.66484205191865 0.927758422995771 0.0119692365704292
-1.69509983842973 0.935326167604438 -0.00464717012628064
-1.72078693931919 0.926269969083179 -0.00512227298786196
-1.70409685795325 0.932004439085454 0.0129231886641018
-1.67210041658654 0.929674744398191 0.0266481929008675
-1.66676323169402 0.927065254822598 0.0266731557846424
-1.67124814223375 0.928563334287206 0.0265513738021556
-1.6690066865703 0.928721384327487 0.0265870404277249
-1.72617809439882 0.929761577362266 0.00659298415576726
-1.72103628222788 0.937784817895686 0.012464836418372
-1.67721378729369 0.937717011399431 0.028026223914637
-1.65208456209346 0.926358259853513 0.0408644620601104
-1.67165644699951 0.903057566405745 0.0392940336453435
-1.72179849915051 0.905688562094591 0.0237338468434076
-1.7318250807355 0.942431551249014 0.0124812567143939
-1.70213623233148 0.956276506988181 0.0173683479291999
-1.66490149574706 0.945479098106644 0.0304594986415684
-1.67748855117841 0.900409940206935 0.036927084640416
-1.7126332726446 0.900149130626196 0.0216914514308794
-1.73108147718451 0.924485993741997 0.00122162764929358
-1.70767289280277 0.96130128869664 -0.000244326044935561
-1.68317748369488 0.947604999784149 0.0178303062846945
-1.67791123006736 0.909275375271969 0.0334262314297285
-1.70899444047992 0.89034033296501 0.0315081189841516
-1.72277149847873 0.929859418199369 0.0168331657993158
-1.70304121064786 0.959618004999102 0.00171372034275852
-1.69113627624058 0.94806156483173 0.0109885592092868
-1.68414838741165 0.903099380890045 0.027612506165143
-1.6986868403236 0.890415286866382 0.0319885929104893
-1.69849027124423 0.890411333124125 0.0319145230339358
-1.70667359229011 0.917294540985008 0.0188333020025068
-1.70310830481085 0.949332258952476 0.00268011683487155
-1.69835275747547 0.950553525945279 0.00317797493521997
-1.70757067781229 0.917621105914591 0.0182975278016766
-1.6885804810557 0.897005484273997 0.0300458331567434
-1.68333383394633 0.903726381091196 0.0217383017331144
-1.69131447006597 0.933552280675277 0.00317885421753965
-1.70526977556753 0.937660804488216 -0.0090349015417276
-1.71742450907583 0.930579100616299 -0.00414655818168441
-1.68727019298005 0.911031787945126 0.0100330066964623
-1.66898444375639 0.909041206236982 0.015898628754161
-1.67843747005063 0.925940774492962 0.00609681259851221
-1.69785322926944 0.940070199917645 -0.00415852568854805
-1.72706432468338 0.936260622898291 -0.00464705054362711
-1.70630794514367 0.928613421151222 0.00804811742855523
-1.67097778867293 0.912385396105414 0.0217116128014867
-1.66833409359301 0.917622844130515 0.0226646088100055
-1.68518356766531 0.919853465770328 0.00854631840262677
-1.7279381796683 0.928625923933198 0.00122020850887189
-1.71538970568576 0.94132515002843 0.00414459768733976
-1.66706058355635 0.924086541917948 0.0109779076996112
-1.66427336845652 0.924478187589162 0.0187690126901809
-1.67480398881819 0.90535949392467 0.0105152689235529
-1.6779762352017 0.907805559786613 0.0104869123406955
-1.71412216749639 0.932973156045978 -0.00708757955815117
-1.71766479045551 0.939611278182409 -0.0104901492545504
-1.71575837963578 0.938236624048224 -0.0104842139485947
-1.65991630329054 0.920251137677509 0.0226720489085306
-1.66605125173705 0.907198675045815 0.0256033182160114
-1.69289790476582 0.924751004174779 0.0129391614951428
-1.70878236080943 0.948416952514504 -0.00170792856844529
-1.69661370669334 0.952659013837893 -0.00268317686313139
-1.67192212696536 0.925952978036554 0.0114901457740092
-1.66192567967119 0.90161768916969 0.0250859386001751
-1.66157812319006 0.911287665672591 0.0148832352919618
-1.69380473284478 0.931439880159785 -0.0026795154298235
-1.70253360780189 0.948310936669772 -0.0114845051908401
-1.68536972640983 0.929234845496299 -0.00317554890235197
-1.68023406640459 0.915759369797366 0.00952891720101534
-1.6584254767545 0.916573803115828 0.0129642747922801
-1.67513492149127 0.923413216836098 0.00122147484551184
-1.6966805520329 0.94100867608644 -0.0114902890385023
-1.70622305983241 0.941618663369469 -0.00755086391212171
-1.6929535393594 0.932287299148987 0.00853596747987344
-1.66185444814689 0.916233175503211 0.0212414154730607
-1.65532956533106 0.914417660395006 0.0212382749825893
-1.656848187738 0.91405113196365 0.0212338794113567
-1.65509756351718 0.915216084164051 0.0212620879852144
-1.72082266345266 0.93217498441769 0.000244548447102243
-1.70074236266022 0.941181775872662 0.00464219911799171
-1.66283093628391 0.930762647150526 0.0178193547278475
-1.64763253834845 0.905433612091436 0.0241968934266917
-1.67708258242532 0.912258836283271 0.013411425897178
-1.71881776472608 0.91403567190852 -0.00219766617831914
-1.71362833509706 0.95256437129003 -0.0110024343475963
-1.67697978154967 0.947855035145205 -0.00170890413198445
-1.65619534598822 0.936124607970723 0.0173592699857364
-1.67158023503195 0.902850929574906 0.020219549169361
-1.71163457298437 0.918824323295572 0.00952873772353891
-1.72180240264412 0.943382255769737 0.00122211917803243
-1.68947886687314 0.956938617255692 0.00755136021784328
-1.66377363911142 0.933345316878695 0.0280854985482775
-1.67043188594583 0.899917688051405 0.0432872488083286
-1.69333924855075 0.910738240477193 0.0398654812042338
-1.70932064117741 0.929452716514555 0.0232060876545641
-1.71004802824608 0.926714435611107 0.0231570354986537
-1.68880782355882 0.935504202315999 0.0236593922890999
-1.68684509101159 0.909728138324108 0.0353187776781614
-1.69132047495085 0.904921798229203 0.0343552470657217
-1.69986102935502 0.927291022931796 0.0178649253940994
-1.70075788002174 0.928214943210484 0.0178483849884673
-1.70922184647859 0.958090198058571 0.00462701309529398
-1.70445868501783 0.950684205030139 0.0051306030121594
-1.70444210398796 0.950591098978575 0.00512136816835574
-1.69314235803869 0.909178957689187 0.0359652675913719
-1.69300579390317 0.914533611957217 0.0304488099072247
-1.70199896084846 0.942862099084084 0.0177972059528182
-1.71591926012586 0.949245596046315 0.0124439430620491
-1.71935479024954 0.933150440213629 0.0203077251017291
-1.70011916981561 0.909200410501407 0.0319162078048364
-1.68420324761043 0.903214782541338 0.0339389271766701
-1.67788690593005 0.912551077992755 0.0231395834656266
-1.71315704330054 0.937410315219902 0.0104726244053583
-1.72126546594694 0.951806873134947 0.00511833722754045
-1.70265922726411 0.91980126734184 0.0139340303616882
-1.68213669054604 0.909924234741572 0.0246792177039911
-1.67937424618201 0.89325312468022 0.0222677520167883
-1.7054615877461 0.918719078288867 0.0100015855369554
-1.71914732178304 0.938619838042724 0.000244002924329317
-1.70493944654367 0.944323908586255 0.00317043307797513
-1.67518333046982 0.917188412584097 0.0183262470749008
-1.6737660061764 0.896545865184342 0.020791246243351
-1.69345359683595 0.911984631486384 0.00804934960778924
-1.69909904023896 0.912646256367378 0.00806765964647361
-1.71751128076957 0.940219145718808 -0.00611138110862757
-1.70282607470596 0.951285498625303 -0.00560352204152489
-1.68022610002952 0.922749590247612 0.0100139942613998
-1.68401962212183 0.905223011818957 0.0231570568169641
-1.67814283230428 0.903724594929348 0.0183532408588416
-1.68551289333061 0.903441746234788 0.0182793117457413
-1.70045793123634 0.949529467965483 -0.00855968351468188
-1.69566852562009 0.927097022644216 0.00463271120685139
-1.67972334725606 0.910618562894753 0.0202989430664638
-1.6709307986025 0.905652188186104 0.0203130844723594
-1.68328470507603 0.927196691628096 0.00316688016727535
-1.68187278775386 0.924737569047468 0.00316703259984515
-1.70379778150498 0.938549137957685 -0.00268450132517006
-1.6947523240234 0.922599315321292 0.0143707423621284
-1.67267346992074 0.919750196957315 0.0256007542145146
-1.66295929009829 0.932232320430277 0.0222282615494802
-1.68754169246706 0.925582782596291 0.00756435265594609
-1.70388828277198 0.93434765958477 0.00171124057721249
-1.70008696487871 0.921185474232083 0.0114528501252215
-1.67532824241371 0.9314547112516 0.0203039415956103
-1.64553699514408 0.921805219403077 0.0197589633626617
-1.67501194243925 0.915894386097268 0.0114688702631968
-1.67260109346788 0.914407591461859 0.0114849534761939
-1.67045703102299 0.916265079032083 0.0114968490325582
-1.71439653940519 0.938379792897898 -0.00708822132296995
-1.68425715127118 0.94349527720553 -0.00171225577447792
-1.64946284766704 0.935507939791835 0.00951270476155223
-1.66182772201981 0.895313074976414 0.0153533715521176
-1.68694084541099 0.90764707550155 0.00464035861699836
-1.70914584832029 0.928455675407766 -0.00610064558852996
-1.69631337306507 0.96170651154925 -0.0046265218535126
-1.6601631057339 0.946919234868624 0.0114765038575133
-1.66294130510499 0.949808914515157 0.0114556412994126
-1.67646553795143 0.897046814025282 0.0207038600257409
-1.70916094463533 0.917455490805124 0.00366656167131291
-1.7014433650897 0.957444036631745 -0.00611189421947164
-1.67677471711761 0.948202556935971 0.00901618408885775
-1.66343954063837 0.913728252078933 0.0276024471881415
-1.67083293605547 0.886134824385206 0.0334748429002845
-1.67464885743182 0.884256986347299 0.0333931153622334
-1.70839967324192 0.956282493159961 -0.00855647532654916
-1.70635872676707 0.956247692697655 -0.00855086339619438
-1.68054846719489 0.925339031857812 0.00560754889664942
-1.68245829336985 0.886858990708149 0.0163514322087815
-1.68156840884204 0.922072611266534 0.00904267807008709
-1.67626536491708 0.947744476541423 -0.00660531116333112
-1.67896380842262 0.948176959850787 -0.00657824863672383
-1.69488839796864 0.959449668515058 -0.00708293921788288
-1.69407325094076 0.959634984933112 -0.00706476116735134
-1.69176241748136 0.902238174443967 0.0275734818049123
-1.68738931131965 0.916213350234651 0.0374179058176506
-1.67449643531271 0.934975677603527 0.0305452465928149
-1.69893549816867 0.947629061499235 0.0203062916374401
-1.7135080105457 0.927086300501141 0.0192665913563665
-1.71068378366263 0.917067921593898 0.0265471445390203
-1.68634897963 0.920281838776779 0.0325266653559567
-1.66503751544458 0.920619698580754 0.0285094916535298
-1.69553943042395 0.92670751054903 0.0178494412231285
-1.72868654125647 0.938309817364821 0.00901629544781675
-1.71919260389526 0.943425299195967 0.00804846725875184
-1.68564858106187 0.938447253364657 0.0182924899064963
-1.67070847716088 0.925342968289173 0.0216793446300157
-1.69206722752985 0.907334017860909 0.0242270569242182
-1.73289129449531 0.924877506349976 0.0193307416216406
-1.72737674805848 0.935361187845791 0.0192408378783543
-1.69092068855034 0.955491460959776 0.0237051452820574
-1.69139781217411 0.955490018331403 0.0236428189188597
-1.69507262888737 0.955504785843164 0.0236936546383174
-1.72876941638565 0.906810630287437 0.0237044801278542
-1.7267357994688 0.908414364540352 0.0237226099519967
-1.72464717282035 0.907080579667134 0.0236529462146846
-1.69541545181196 0.959718810957609 0.00611535555322152
-1.68437855087144 0.937873150030148 0.0187681990699512
-1.67963666234901 0.938112978829858 0.0187560470518265
-1.7161673636596 0.894810031874359 0.018285135160632
-1.72536484756041 0.929877182837631 0.00316877495303228
-1.71023358923673 0.958110649810116 -0.00170937216231732
-1.68530153605899 0.948616166130726 0.0139377452942342
-1.67910108336224 0.90208817175238 0.0295051253755271
-1.69539900252462 0.893661881319775 0.0255836017066639
-1.70787787204933 0.912894023131439 0.00755315634140922
-1.7012279288425 0.94532829674559 -0.00561307614887411
-1.68954532763157 0.941235750019085 0.00318140632038258
-1.68936900617121 0.912766796227977 0.021739505109818
-1.68870510723774 0.900810815009605 0.0266390141565675
-1.6974895232815 0.915163177634494 0.0148857125780699
-1.69481081141816 0.933161182660599 -0.00268003328929164
-1.70665529178651 0.938156735818096 -0.00415838997178938
-1.6968235933551 0.923356680834137 0.00611836805297318
-1.68888743479684 0.906786438638199 0.0153775969850279
-1.67125868214085 0.908723159519262 0.0134338439562757
-1.67993587940563 0.91993998355789 0.000732852389350212
-1.6986947888238 0.938580846153069 -0.00464573255616578
-1.70079715365204 0.938966401528605 -0.00464576376868024
-1.70786271440289 0.941978402908033 0.000244365295065339
-1.71041201254706 0.943872380951551 0.000243419448314384
-1.67068290114727 0.905987290269431 0.0217138252986446
-1.67547256890497 0.918859621097261 0.0193052680239355
-1.69215057577868 0.912130892979232 0.00856121215860395
-1.71593955806892 0.952444084284404 0.00268035927766356
-1.69448401220765 0.940364014537249 0.00950863676488217
-1.67527528631196 0.921961918280671 0.0198088082490016
-1.66919209492443 0.909676126568382 0.0261000233827595
-1.67417450048803 0.906457942483171 0.0153660395908733
-1.70509242359631 0.950477666315654 -0.00366387255908149
-1.69737583270797 0.947529071544499 -0.0105071754941116
-1.69932831213095 0.947093565559549 -0.0105172535642144
-1.65805946675567 0.902428416195342 0.0198071933467785
-1.66695582534862 0.905694659566812 0.0202340353670111
-1.68814996374132 0.936666488654575 0.00219738501036461
-1.70067299699696 0.951302762748785 -0.010973976353262
-1.69658283862226 0.951011604090664 -0.00560266003644185
-1.67441945316162 0.908284333283092 0.0143701329727422
-1.67250763226463 0.907585384756148 0.0143865082029506
-1.66574974736361 0.923987246468269 0.00999772667162514
-1.69578501364975 0.946267459780851 -0.00512590443130282
-1.69644284070168 0.945890780228677 -0.00512904335654954
-1.69348921137 0.944117304518695 0.00122275976289469
-1.69487659894734 0.906747333654299 0.0149210830270193
-1.68373643837217 0.924644723958023 0.0261673769828597
-1.65720931210116 0.907850835160868 0.0227505026393081
-1.6801027034782 0.946518932831433 0.00707252881866549
-1.68288694707849 0.945846770798659 0.00707863215370369
-1.70634303778014 0.922366486367315 0.00366782302581192
-1.68367852701455 0.928041185346288 0.0158761154609633
-1.65886927686209 0.916459564930104 0.0158528450262488
-1.6608313744715 0.93296614000539 0.00512658125177549
-1.69649192395007 0.91898988070472 -0.00268288596953974
-1.71511967919838 0.930176679343914 -0.00512482589050727
-1.69397463103513 0.95059642250205 0.00219296324911563
-1.66295619780608 0.936312566647568 0.0139458634456824
-1.66267364744095 0.927582122944589 0.0222723870483312
-1.69822139085512 0.90339874703805 0.0227507649897868
-1.71122555654054 0.9207731548051 0.0173725212463064
-1.69770673407273 0.945584306005147 0.0163269399131326
-1.67070648471958 0.944598042152546 0.0226747260036651
-1.66243240121865 0.920803554949044 0.0314703822328641
-1.70098963777234 0.889971585090143 0.0290589782551519
-1.7147084556353 0.91236696117344 0.0192881906016052
-1.71870919874025 0.9125271336777 0.0192760323742949
-1.70711608932264 0.949725816959353 0.0056104458070167
-1.68305948020358 0.960431700594903 0.00611239943137402
-1.67581216537291 0.938050222805717 0.0173333209965432
-1.68842714040306 0.897910486989673 0.0241780918156836
-1.71647288933025 0.902936468289469 0.015855851462754
-1.71864192096744 0.903729072415066 0.0158641618452514
-1.7039414196265 0.963117314503181 0.0143945126978454
-1.68557058390362 0.943385799474138 0.0339550745404754
-1.69393542893757 0.900378086022021 0.0467340223362005
-1.71185707856959 0.901661066496435 0.0383351194685678
-1.70802614512906 0.931698055497338 0.0173685624335743
-1.6984811119009 0.954403068633359 0.0100250191520165
-1.69564872574885 0.955246815026092 0.00998747483176349
-1.6978289577963 0.95511022923358 0.0100163884330332
-1.69765577509425 0.903383154166526 0.0314197265599517
-1.69868039651095 0.926142753337392 0.0139272749469577
-1.69577203189509 0.946436578190352 -0.00366732568288897
-1.71172749979066 0.945911133520326 -0.00316787441374067
-1.70269037476782 0.915223527482994 0.0119714914018699
-1.68154672908932 0.911093392362044 0.0216875804659045
-1.67582512700939 0.913472743046771 0.0212367931887926
-1.68873604553907 0.921699182980441 0.0163172006841359
-1.69162912042862 0.922531901801348 0.0163275835265522
-1.69056109955471 0.924824735458015 0.0163371540540008
-1.72039246874654 0.929077755212109 0.0129161451935161
-1.68843408209843 0.93369324150828 0.0202876245625227
-1.66875939934406 0.919013546283899 0.0193070931657984
-1.67080412541562 0.918346025358307 0.019311359348144
-1.66836084938597 0.916899907604144 0.0192693615956455
-1.71794997433116 0.924949156071068 0.00560830587465881
-1.68625361230541 0.933124754017821 0.00609521543168871
-1.66446437042153 0.931185172742336 0.00853396233103119
-1.68501382879727 0.915452563946938 0.00610140210683273
-1.70140440958347 0.901878846050601 -0.0007330172366569
-1.71258129738046 0.935581019941347 -0.00758507152386241
-1.686840222808 0.953502730292539 -0.00268334037445758
-1.67232264221559 0.938910812274213 0.0104731299426586
-1.6809265903872 0.907438784785098 0.0207242153835312
-1.69857824369768 0.887653532954763 0.0207886411715649
-1.69267514479987 0.886418737753763 0.0207206726236249
-1.69322678759867 0.948275806608046 -0.000244120983730671
-1.67984215957518 0.947720453477434 0.00952907477710425
-1.67725879640807 0.905027989012535 0.0300892557383028
-1.67777516460612 0.889094759252108 0.0305734517098043
-1.6896684617323 0.926970860488307 0.0124823112637634
-1.68758758244491 0.952380279562579 -0.00852881528574372
-1.68544445047004 0.950254762923447 -0.00853200269374613
-1.68254043946077 0.949631261992058 -0.00856350169165011
-1.68239107016835 0.906777407467834 0.00610936439315199
-1.6792759459765 0.897963193187894 0.0192919444462433
-1.66956845602058 0.921484990642169 0.0129520296492572
-1.68064508642163 0.953518779038886 -0.00365923269518998
-1.68716808324087 0.949786393058126 -0.00755140690045083
-1.70549403844098 0.919506450091981 0.00903408121909696
-1.67916655430019 0.914309148236474 0.0207189819924446
-1.65936907867837 0.915854371671989 0.016859610335761
-1.6642409457884 0.947085443172545 0.00414198755939223
-1.68761218074106 0.935232017728806 0.00220272677284639
-1.70868370439811 0.91678450262352 0.00755622416130941
-1.69562270757089 0.928266382185819 0.0154007102382413
-1.66729803437874 0.928207445860743 0.0143693867795782
-1.66159163175824 0.941544783840437 0.00856179152651025
-1.68874646749376 0.926114255104465 0.00317891435822537
-1.70668048394366 0.917721484591596 0.00414816173922224
-1.69925506935488 0.92204145840801 0.0124222245647205
-1.66882706427093 0.942968863464512 0.0143974260402533
-1.6572210251466 0.936286183685014 0.0134487128935348
-1.68336667834389 0.916969346077911 0.00952493644905429
-1.7107683025748 0.910149127508993 0.00415501967947133
-1.70836975287956 0.938402807349372 0.000731502846480045
-1.70846302070709 0.935840746840818 0.000730204066003812
-1.67160410550467 0.961695382584094 0.00317089714531646
-1.65758318159513 0.945433625058268 0.0114862601555754
-1.67826695093501 0.906927114184954 0.020248698688845
-1.71247503492304 0.902281822555171 0.0192503846131561
-1.72009887886024 0.925131971540462 0.0124222299434891
-1.68695132485203 0.971429425400636 0.0100139445742132
-1.66404766471448 0.949767790059144 0.0173290321579806
-1.67850974267239 0.906531943091983 0.0300726169816607
-1.71328605538257 0.895521997517599 0.0265892461859648
-1.6986252733101 0.924687529925826 0.013887532171667
-1.68281679239391 0.95883444401408 0.00854886514477282
-1.67892384681991 0.946891905446435 0.0168151547111062
-1.69196870279904 0.911268924515578 0.0246236389546964
-1.70887475500177 0.903759272126561 0.024617120476301
-1.69029846257171 0.930280865608689 0.0148599934889203
-1.69398519970619 0.961287594637555 0.0100113775056534
-1.69310452156632 0.950076281812935 0.0163626019918005
-1.70080991098307 0.913533059459871 0.0315032408529697
-1.70441956692931 0.898594539186965 0.0363905905857023
-1.69977276349047 0.92946734310756 0.023720162086408
-1.70328293892514 0.940817715064547 0.0119616298556826
-1.70316594060243 0.940699476300295 0.0119481714234617
-1.69759711068916 0.939352275288623 0.0119460010320968
-1.70586356836452 0.920576286748766 0.0250933082888013
-1.70700527470986 0.92162924094458 0.0251508376395089
-1.70207910528252 0.920491305303932 0.0252068174075716
-1.69289415061493 0.932271217791751 0.0109725866378646
-1.71099726941049 0.931540772437983 0.00268730282490567
-1.71937182927224 0.926650266042832 0.00758674476902632
-1.69761031950814 0.930472519588528 0.0172927401415864
-1.70005989301481 0.928674040731577 0.0173245118304599
-1.67882834193845 0.93128849511768 0.0178230104473123
-1.69958263235131 0.916357635080858 0.0144082824086802
-1.7170559582457 0.92801381891079 0.01244444081194
-1.71236918770506 0.931736135028431 0.0119636049057805
-1.69004978038544 0.922375515387391 0.0168774063691799
-1.68756422911866 0.923974247146903 0.0212718370490829
-1.68890302888666 0.901174293903362 0.0197365320454951
-1.70416866964386 0.920537889763529 0.0100020588135689
-1.70414409719638 0.930809644494886 0.00756331498390019
-1.69049282627939 0.928211253702753 0.0105239681171869
-1.68932147451798 0.921324067112892 0.0119679837875666
-1.6934413660459 0.906273417206251 0.00609659574594382
-1.70978840086535 0.935069378256197 -0.00609900963631799
-1.69582753028481 0.933672031931197 -0.0129574184952335
-1.68643907573546 0.935342036302401 -0.00366995475830054
-1.68366600603091 0.938642962410486 -0.00366700139262783
-1.68425929603051 0.939219072060351 -0.00365869010948136
-1.68635729883013 0.937906241972838 -0.00366483120231105
-1.69544992807651 0.924690324088768 0.0129094945748616
-1.70098578056524 0.934043830573778 0.005132109146766
-1.70590752747445 0.939451167800737 0.00660774028213516
-1.68854677678586 0.923114659160226 0.0183140380628339
-1.67981936306842 0.908981821418284 0.0300703652411062
-1.67821483013102 0.912343947875261 0.0246732103337083
-1.68628903337965 0.92266136936542 0.0105004786454727
-1.69433056913362 0.928108770279311 0.00122183856579771
-1.70505236004469 0.93318403367858 0.000243878542778185
-1.68542223281365 0.933149744616017 0.005628888414649
-1.66323617111389 0.923454910027955 0.00756428508404579
-1.66944046432743 0.92316000366135 0.00807053575583575
-1.67545918163699 0.921685722968196 0.00268850394687075
-1.68860948331636 0.93283398365282 0.0046406252574867
-1.68191005841462 0.931893947151842 0.00706636370040639
-1.67304105906648 0.934477217951392 0.0114729877111979
-1.67498248249657 0.920948747067695 0.0143805048441001
-1.67663347225891 0.925009846457097 0.0105053263980832
-1.69777482524745 0.924244898501233 0.00609964572685742
-1.68299334802899 0.934945821485066 0.0051304542833504
-1.68725185631851 0.937178146492562 0.00512823299080048
-1.67347100832527 0.936794288735505 0.00902815102132114
-1.66356577340089 0.923509984512443 0.0104749770584607
-1.68005331959617 0.919961702743474 0.00463315531240944
-1.69483456233673 0.913896180002239 -0.0012174822464935
-1.69067110622676 0.936493368126549 -0.00268413781022817
-1.67720408640532 0.943724284569747 0.00268430157482827
-1.66335296942343 0.927891173457589 0.0148573431833435
-1.6838271532847 0.915575630883016 0.0168058399641614
-1.68992630678225 0.905232369545184 0.010014275545101
-1.69149449053437 0.929266655270643 0.0012217185444524
-1.68658034215965 0.940335723699406 0.00219691625859534
-1.67554095689352 0.933719086702826 0.00952319006313459
-1.68452649070202 0.90743116940211 0.0187758515151721
-1.67622767019122 0.917537151640764 0.0187618230934758
-1.68834475878683 0.935989717626572 0.0104894997939759
-1.68603037293207 0.939182268696297 0.0036642961631978
-1.69038097460347 0.93476899839131 0.00803688972017124
-1.69306301227676 0.913789471712202 0.0163273034651955
-1.68770037044877 0.918142829880657 0.0207206872796976
-1.69125341140018 0.934072710167677 0.0149080515657551
-1.68491069310756 0.940274485277502 0.0095439959794836
-1.70339282786805 0.935859490333249 0.0104979138699392
-1.70448534686161 0.936255676670795 0.0104935040463586
-1.70619896718198 0.938422831471916 0.0104869040119295
-1.68565791145404 0.926859689975864 0.0187875183567768
-1.67336172111166 0.924488600814878 0.0207873693550503
-1.66762852951898 0.926808778053577 0.0207277453798938
-1.70842634971551 0.934259871787866 0.018292947245222
-1.70617885198415 0.933587031952758 0.0266145111482597
-1.69610806098715 0.931956241627454 0.0320590772698214
-1.70008639664375 0.933218537528645 0.0319552759411962
-1.69947616812725 0.92992286397776 0.0285047258703279
-1.71407228187999 0.925445982066375 0.022217267795191
-1.71664257803323 0.928989905855546 0.0188469232980204
-1.69864323684748 0.93288005394724 0.0207229424064902
-1.69109207792257 0.931457975374086 0.0246312437946788
-1.68871828703171 0.913939616268317 0.0231742019751038
-1.70191420342449 0.915826665580855 0.0217345846695448
-1.70117171559276 0.92617200819612 0.015886733093747
-1.69264512318232 0.937254231009081 0.0105103294194347
-1.69874691895717 0.937516876093549 0.0134284034694673
-1.69646030521252 0.916525993069841 0.0143702033356107
-1.71320056294071 0.91564178980086 0.0144016147769625
-1.69545558805726 0.927310800494201 0.0109661298658683
-1.69523949059865 0.937044873497215 0.01245329407917
-1.69293562973064 0.937988455343826 0.0124371573794481
-1.69783214123411 0.936221898956999 0.0124681590584801
-1.69916633920049 0.902679333744561 0.0217323545784918
-1.70797339104646 0.905139147996295 0.022749384010158
-1.71180330272993 0.921332467436137 0.0163659533070583
-1.70226203755505 0.944809007688831 0.0109851422770707
-1.67978193527991 0.93776447025323 0.0124570550459171
-1.6944334898266 0.909444981319641 0.0203118367488369
-1.69290779221532 0.886322048428112 0.0158309447186857
-1.6976777548197 0.907869758192224 0.00316752787103287
-1.6874671243607 0.935294704142383 -0.0075651448005644
-1.68985102343411 0.944696758014593 -0.00855710770904988
-1.6986973268245 0.928494711139477 -0.00269038914247968
-1.701820119558 0.910516989704671 0.00562617151426088
-1.69288805700793 0.918798369814937 0.00415237636657635
-1.67331641634715 0.931703843565738 0.0031688837020691
-1.68308320773868 0.939631916725722 0.00316756070802738
-1.69497446533705 0.925400764589694 0.00755994078218225
-1.70557446920778 0.910864915595006 0.012426538144491
-1.69350021732468 0.921980995235362 0.0182664958486222
-1.67949784135674 0.929665403808895 0.0202937855056498
-1.68033148428289 0.930383678451159 0.0183028223064695
-1.700947160034 0.921708128167566 0.0134522569249607
-1.7116804975299 0.925931461367457 0.00561377491337707
-1.71502144595138 0.926053060136364 0.00562714868429661
-1.68758727483341 0.924092691399733 -0.000243990240844311
-1.67604498075262 0.935077505295922 -0.00122066099144919
-1.68092113201741 0.929202388318755 0.0012226683181792
-1.69111033921232 0.920856353773478 0.00562988222970709
-1.69162280965475 0.934962957326702 0.00901447639694471
-1.67518527857447 0.935428721294086 0.0129282827589621
-1.66903343651716 0.939425667687415 0.0119887952112045
-1.67778313190231 0.913253087633071 0.0129435429034562
-1.69664459080285 0.911064866811088 0.0109693461016608
-1.68943855565963 0.934119814368737 0.0124751210352012
-1.67656302897198 0.934705962203713 0.0129097904558636
-1.672188396471 0.934398394314737 0.0109968274926802
-1.68807091403952 0.911398810266261 0.0114465464267465
-1.69357635343625 0.909037819764842 0.00954004167427527
-1.683427019411 0.928946937174303 0.00219288509693663
-1.67743816932566 0.944860246843079 -0.00219451572822635
-1.67277738868605 0.9428663615198 -0.00171128613183793
-1.67356927165593 0.94347774845377 -0.00171117788842181
-1.69913976397709 0.902792451322512 0.00901276280582681
-1.68832091881432 0.920133746920261 0.00903050481114535
-1.66734223004997 0.93972890373499 0.00757425921483375
-1.66581432892132 0.947932720294053 0.00658669766428903
-1.66357562306977 0.947913896578743 0.00660306085351258
-1.69046518606043 0.917592576725099 0.0124678241339205
-1.70942763231454 0.910045183601819 0.0129207159465183
-1.69932287215713 0.911588214355427 0.0119388499308033
-1.67473101974702 0.933799722619126 0.0124781703387382
-1.65967396392671 0.953047895132145 0.0109717860235014
-1.66639390298153 0.954627793489567 0.0109881218863955
-1.71063475316779 0.91955542015647 0.00950608973206805
-1.69957763584314 0.900832177416111 0.00317193908722589
-1.68250647868641 0.937549504363382 0.00220008268824677
-1.67140987386733 0.93411890407851 0.00611379204587258
-1.67820222133966 0.941160658244275 0.0114465586623713
-1.69653628093935 0.927196932897733 0.0104760574232976
-1.70110759468684 0.922993760246897 0.00608929954737411
-1.69368668152253 0.935963606292299 0.00755307652987169
-1.68935204467887 0.929783980436573 0.0139281961575478
-1.68334408851129 0.930423273045414 0.0236957423030712
-1.69284250637079 0.929263623403279 0.0344916375149288
-1.6937577729448 0.929225299620118 0.0343675579149448
-1.69520205874289 0.927339277306775 0.0281145231964033
-1.71208264425232 0.924879303699214 0.0236817862155546
-1.71724873909434 0.927221295974471 0.0242259791727573
-1.69404772394312 0.929719633504771 0.025195881943298
-1.68846552025622 0.936630599803508 0.0246962062172962
-1.68300284092626 0.933440200479255 0.0246185781535098
-1.69008862531494 0.931246196808147 0.0222217419521355
-1.70576628248795 0.919043116599965 0.0168665836322769
-1.71641617083553 0.92789740252036 0.0149198965096561
-1.70487732388912 0.92886533913292 0.0188035484878658
-1.68698895870651 0.939106074443264 0.0241967900264756
-1.69271284578913 0.929547071058954 0.0261193521385129
-1.70457485673022 0.930224816421568 0.0188408164894758
-1.7149795934236 0.914657407409931 0.0163926126189974
-1.71398805525764 0.92627208789287 0.0163207297836429
-1.68874720383452 0.932522532571603 0.0232082204469389
-1.68389728116054 0.928250483193205 0.0227346851757958
-1.6978189052065 0.926271745715581 0.0211882493557506
-1.70973448252544 0.912302421871399 0.0163832607531896
-1.71026950611007 0.92340411664427 0.0163594998723274
-1.69183572529431 0.918512071097736 0.0187716155151101
-1.67954020115522 0.930556117431279 0.0227188024814403
-1.68854669192273 0.91862222139703 0.0202840780421971
-1.70455411555388 0.907625708951476 0.0139474504969708
-1.7033792836505 0.909673662204549 0.013912663483393
-1.69866752921123 0.916986994519567 0.00904308937576862
-1.68385816542874 0.928317723890637 0.00856613436333635
-1.67367715017084 0.929113063454329 0.007556953902165
-1.67285125517754 0.926770972368131 0.00755414237516185
-1.69828752337446 0.917347029508084 0.00219650063236092
-1.71030032660499 0.917035325844696 -0.00122233044584952
-1.70353485930845 0.919128240087617 0.00170739094250151
-1.70612802647369 0.918294255828999 0.00171184116430086
-1.6799416095439 0.925924393332456 0.013406109452253
-1.68712808978156 0.923579124011657 0.0153646863253028
-1.69713873126383 0.921634466577857 0.0110021076473542
-1.6956232437729 0.919972101208264 0.00708154842497525
-1.68756036599046 0.927484934794106 0.00855689306598
-1.67686876520538 0.926494237320135 0.010473007564671
-1.6774328418696 0.924408173416606 0.0139260763273165
-1.69216000933723 0.917349956868156 0.0139192894218313
-1.69095880776669 0.915509808425444 0.00511997693723055
-1.6980018416116 0.927356093733626 0.00073303800746589
-1.68805731100829 0.935029727660655 0.000731007051074146
-1.67141426938944 0.93477931589471 0.0109935244452255
-1.67857136384889 0.924525575335401 0.0149258635262929
-1.68303382011026 0.918537054061624 0.0119388756815525
-1.69460945274556 0.926845691237584 0.00756476674126761
-1.68505810489621 0.924120939887812 0.00562733093568485
-1.67582508167175 0.924188162685466 0.0138935136327844
-1.66808322614118 0.92481721477 0.018796553273085
-1.67695513163058 0.92526025408761 0.0143713833119249
-1.68031534102816 0.926637785258536 0.0144170050568675
-1.68908843412693 0.927189452385937 0.00708026677825288
-1.68832672016148 0.929330080162565 0.00317675495509703
-1.69273403299031 0.922514560054551 0.00415799738972343
-1.67120284128562 0.921384466830276 0.00953545903477158
-1.67738353058834 0.929115112895464 0.00707045271348911
-1.68931516149858 0.940134223869912 0.000730435641489085
-1.6878247140012 0.92875849436601 -0.00366202136695645
-1.68767674150109 0.929090816990753 -0.00121808309706494
-1.6804140398778 0.919781923768126 0.0119669126367939
-1.6673589186114 0.928404991701163 0.0172950751148091
-1.66648480189779 0.93000166677145 0.0173188447031815
-1.69370997609721 0.933718551389472 0.00999169895593033
-1.69427038319042 0.930055957837539 0.0100293201836688
-1.69471227227605 0.915026330955941 0.0100252292309457
-1.67977711456731 0.931891788396518 0.0158623198959709
-1.66477116709408 0.924957399202679 0.0173520590462975
-1.67873566154067 0.934630538981143 0.011491564671528
-1.69326366391787 0.917489877975114 0.00219822179097093
-1.70700407779104 0.909137968772663 -0.00463614335341719
-1.69652126008761 0.932135417729526 -0.00414910781509476
-1.66586110945122 0.933353158066766 0.00122081007109932
-1.66689156011987 0.935751251416314 0.00804944537296643
-1.66394050403284 0.933912926580068 0.00803947282177603
-1.67934687875873 0.92141709642844 0.0056169784185363
-1.68323697778087 0.921189994803877 0.00561482837331332
-1.70903224308667 0.938256435295713 0.00462767617938844
-1.68658127733815 0.934439289502921 0.0129351417656262
-1.67763320017751 0.944342782397192 0.0247030263850019
-1.68619924734921 0.922970679687275 0.0329037918600213
-1.69824581192393 0.919419729734289 0.0286281059769545
-1.72009583104243 0.924361224653006 0.0232175890624896
-1.6886077879054 0.928681498365784 0.0216792924537091
-1.6797376948725 0.930749767368809 0.0285568432795316
-1.68720270407961 0.921262849815773 0.0290224151327612
-1.70734055577605 0.920681291678819 0.0231837478063685
-1.71784094852977 0.930655010158399 0.0119909160623741
-1.70014345132 0.934531659204661 0.00952722048980801
-1.69255823775009 0.937655518547106 0.0158383102464727
-1.68889879114332 0.925143509395128 0.0250948577491109
-1.70191856909051 0.923563969185765 0.0246088595645573
-1.71572938306061 0.937965634943508 0.0203033891381943
-1.70912560553882 0.935429137204644 0.0198112630927098
-1.70159845330675 0.93555224176441 0.0226500507326365
-1.68813646473118 0.915971964397598 0.0295147183249205
-1.69582220355516 0.925994611823842 0.0289936873808593
-1.69913276276569 0.928998613485836 0.0188375165046379
-1.70358809625246 0.930073590115931 0.0187569851409537
-1.70154622188513 0.936927341636727 0.010010303782169
-1.7046703322517 0.925910056268141 0.00950837236372131
-1.70370434142396 0.917915059435083 0.0124722081057889
-1.70549457009571 0.923901921023683 0.0173470726828288
-1.69304877034779 0.92906702141236 0.016833220037789
-1.69634635043772 0.939986824193906 0.0119670219209386
-1.69512629838822 0.924076776612669 0.0100325591921593
-1.71253826505013 0.915081083567012 0.0099875725884665
-1.7056231740489 0.922829074048587 0.0119350144301234
-1.68543721768615 0.919760713941017 0.0139507682223634
-1.68588037262229 0.932946195488953 0.01246101470416
-1.69397103069559 0.913675409744775 0.0114835872359068
-1.70806978934579 0.927336563747308 0.00904465465361164
-1.70125123258954 0.918863101025069 0.00804479544286063
-1.68546294289789 0.927887808468392 0.0110026229806861
-1.67889593880293 0.926370618222936 0.0109634779199543
-1.69384001860053 0.924651610438994 0.00512752044646762
-1.70244166586069 0.919239262871856 -0.000244206935145692
-1.70544931304779 0.91979198983366 0.00170832535437428
-1.68267490579193 0.921130789905924 0.0104854974317365
-1.66969411552218 0.916825868937532 0.0143723478316672
-1.68367284609068 0.925465665224643 0.0085622666090727
-1.6848734876755 0.92881482591637 0.00852934293868428
-1.70810932497595 0.928156295912165 -0.000733149484871677
-1.70393751257699 0.92865653934241 -0.000730756234268462
-1.67793442880908 0.923321927144002 0.00366073010157216
-1.67148900824448 0.919663835580987 0.0139470254555481
-1.68429366871543 0.915440589301823 0.0188221456012689
-1.68448029825496 0.916334666740548 0.018792805626811
-1.69177683717998 0.942826383420282 0.0070890287641658
-1.68190250504975 0.933535891489825 0.00854898295900528
-1.68150153353999 0.92205118055493 0.0124666656968979
-1.68690005959294 0.917900232204576 0.0154168885729125
-1.68884211002645 0.924097182695807 0.00658952804784954
-1.688380526709 0.931154300628865 0.000244564824257833
-1.68179074093079 0.930992781831651 0.00367013823525084
-1.68205434976685 0.930648173957303 0.00365629561254735
-1.67849612252889 0.927708095349619 0.00757879502926769
-1.68824160594708 0.929661752644931 0.00269094102545307
-1.69866375735961 0.938507841957495 -0.00121754008272116
-1.68784933413634 0.928043266054296 -0.000243484992769225
-1.68045668759497 0.931252469577788 0.00316945246088044
-1.67007749065659 0.919906417705563 0.0129453332236481
-1.66890630958722 0.931088900817026 0.0134071336126735
-1.68821382987817 0.934775957240963 0.00706701816868815
-1.69453801616226 0.939042271758782 0.00707763378914483
-1.68736137555242 0.927580325924628 0.00561761550815452
-1.70054667306046 0.923048200490062 0.00853925946661139
-1.68552431111049 0.921112573243593 0.0192505467715708
-1.67159242621844 0.933536105135432 0.0197349277810684
-1.68338090030441 0.930038594341362 0.0193360834629806
-1.69042903806639 0.91811951299883 0.0129710138878416
-1.70331855076062 0.924284543161742 0.00904086762238294
-1.69961510565821 0.925953707067098 0.00610448169168247
-1.67615527274728 0.931305539892382 0.00709421687913872
-1.6650464412843 0.924235940131858 0.00804818972114568
-1.68682260524687 0.922605271023665 0.00560784195840625
-1.69324914516502 0.928978395910801 0.000243628216661657
-1.69803135465057 0.933070046791728 -0.00171377714262865
-1.70451582389756 0.933705325129927 -0.00171145210413305
-1.66929725748306 0.919743350815697 0.0187550942962021
-1.68009931360776 0.927356425403872 0.0261303298400857
-1.70746032592113 0.932287786503912 0.0217613278395807
-1.70149397138524 0.93912656674902 0.0158688471728431
-1.6935848553914 0.932878123928274 0.0202275475300957
-1.67872601470179 0.916685083641739 0.0310044116245933
-1.68592083496113 0.918578413700696 0.0335214537051506
-1.68491479042972 0.917956996613876 0.0335082799371148
-1.70024306629463 0.933257820116843 0.0110056300216863
-1.69854571260707 0.93303694286543 0.0109920735774114
-1.70349136728911 0.930047215860585 0.00953037618850586
-1.69032574215294 0.919904250043565 0.0144276221620661
-1.69211464189349 0.920462203249505 0.0192684352414132
-1.6846535499885 0.926704492898063 0.0192441580444361
-1.6987229282484 0.935586703999165 0.0134201428774361
-1.70784269880115 0.940704272219521 0.0124296138714892
-1.71038318372882 0.923881611640475 0.0193024072895665
-1.70000922636686 0.926753596155971 0.0251285295123095
-1.69044399820442 0.923164845115474 0.0289886416573411
-1.69118154886119 0.92809119648609 0.025112415817532
-1.69683232429084 0.929704707844241 0.0212119079277371
-1.70474109393947 0.922900094746508 0.0222222027663274
-1.70156494121 0.923344068647767 0.0231360307411775
-1.6947579012956 0.92642461223049 0.0232241637346892
-1.68786410858262 0.933209994741991 0.0212897129273973
-1.69648187719721 0.923993743801036 0.0148597099196249
-1.70649485745962 0.921907247924436 0.00951693439810781
-1.70718594200836 0.926176086539696 0.0080466736161771
-1.68809372044519 0.928881003864617 0.0114832861871909
-1.67440817111686 0.921968168478251 0.0163694161415737
-1.69104535009659 0.910698279083444 0.0197445230086132
-1.71349823626286 0.923760906651185 0.0134248264237154
-1.7135951901051 0.923736178708111 0.0134468180235125
-1.70858399968312 0.938493265272229 0.00901417629310931
-1.71001608453883 0.938286005505207 0.0090326401730984
-1.68486742841217 0.913468692083856 0.0178106523562287
-1.68862034912304 0.897992204242767 0.0232030278561855
-1.70749570370007 0.90717077766458 0.0153498637888077
-1.70706662431261 0.936428826357853 0.00318019228473394
-1.68288191924084 0.94285137149376 -0.000730637371828873
-1.68498230498869 0.928096013804122 0.00805298840543005
-1.68911088711083 0.899653526990219 0.0119445299742808
-1.70307321386947 0.908934786805999 0.00706446044591884
-1.70093690168612 0.908936643101314 0.00709240940467548
-1.67522145748654 0.947476963960319 -0.00512444545679985
-1.68713564265201 0.918385575740088 0.00415976869603642
-1.68356643870824 0.900836611580032 0.0168449202133826
-1.69953886670745 0.908871716031864 0.0163362851094912
-1.69325491300881 0.946776018437663 0.00561703671586493
-1.69278501321943 0.945717422942316 0.00366861795379194
-1.69188281559799 0.930723826137002 0.0119886448302676
-1.69097495606257 0.90879940087807 0.0255873859803385
-1.67794217715722 0.899926261273692 0.0246555032834815
-1.68382161916841 0.942960396016136 0.0109734342022604
-1.68017146018618 0.944139547771971 -0.00512448429407819
-1.6757449226683 0.945041554512864 -0.00514025893482437
-1.67600336355987 0.945597319777474 -0.00512092477927702
-1.69966902627412 0.906736218140424 0.0138977263213065
-1.69946803916694 0.903664509180927 0.013943433126504
-1.66478864001196 0.943562902342897 0.0100057200556977
-1.66037597365214 0.939140551633296 -0.00024361533262928
-1.69768909197971 0.940288586633922 -0.00171373830103457
-1.71069797352165 0.914302870163973 0.00365732185845296
-1.68511251192857 0.920979660549834 0.00855229437542613
-1.6544554325801 0.939784514456691 0.00854960441644125
-1.66117369310854 0.937728900100754 0.00854858461958985
-1.68511427159823 0.926391582344778 0.00463211543668542
-1.71472178084093 0.914637946760962 0.00121923291638533
-1.70565380391348 0.942265780655544 0.00171243660277293
-1.66556863240516 0.935812597393946 0.00905225726844853
-1.65949640377471 0.929890515173964 0.0144292405019033
-1.68132691731442 0.912009736730968 0.014894576864036
-1.71211982066909 0.920408414419515 0.00560280358292637
-1.71124425521075 0.938917203989951 0.000731411996462988
-1.66474211500756 0.945642534235746 0.0041462403849368
-1.6619947511904 0.91883681419818 0.0119709203597712
-1.67823857579276 0.904353669223202 0.0134207388475657
-1.70035920632166 0.912282582148431 0.000243449437323818
-1.70359183052748 0.955907250584086 -0.00905343637280044
-1.69910396019387 0.95241570644164 -0.00903036658447664
-1.66825257390005 0.953608320189185 -0.00513174847875973
-1.669510728304 0.923823226037028 0.00999147495228585
-1.68790779589704 0.898196862386808 0.0198078562013304
-1.70136194014092 0.912155511526565 0.0134314158431196
-1.69308565016113 0.959763256835165 0.00560236481167825
-1.68182233733588 0.956331208172779 0.00611117004446464
-1.69163922304412 0.931237387918621 0.0203040131851402
-1.69629165007232 0.895174764944347 0.0309385270455964
-1.69994507089771 0.90822194588149 0.0281255874420343
-1.69138453827017 0.945703782474289 0.0168061280971428
-1.6754269943141 0.950675540646356 0.0100114160182854
-1.68830329490964 0.9304851165669 0.0173000187132792
-1.70956619190994 0.904844957354022 0.0241969851399908
-1.69898682274018 0.902139009945667 0.0242004826571533
-1.68116896014694 0.946971426744815 0.0158833271544036
-1.68682935121633 0.944063491284395 0.00954007180574858
-1.70729632863346 0.943940610813086 0.0144088515468467
-1.71172612101806 0.913028361139727 0.0246316277857861
-1.6946645572709 0.917992187227763 0.0285735433994053
-1.68841720163449 0.925177871976943 0.0260936292249568
-1.69882165566367 0.934870626691637 0.0207039804297134
-1.71852794002868 0.930804012585565 0.0178327353199616
-1.72059054582851 0.932742438040419 0.0177849194375064
-1.7243954718427 0.926115208943615 0.0212654869486728
-1.69273125971587 0.930568662282807 0.027032781112999
-1.693962070702 0.932944078133313 0.0271171113614843
-1.69588498328441 0.918420606120883 0.0232079479185769
-1.71478517423499 0.914758540816182 0.015861470929399
-1.72489978687986 0.937872477742666 0.0109815417378916
-1.69733617382634 0.944218312284471 0.0100272805464213
-1.667509992632 0.9303676159847 0.0153824241275162
-1.68572364103636 0.911878321902812 0.0178317180614606
-1.70616698625621 0.910256887665386 0.0110117064546353
-1.72031827541691 0.931971733004891 0.00415757720387931
-1.70072202800425 0.952217026677238 0.00707052518647048
-1.67937967753638 0.924533298602484 0.0178324110698339
-1.68249120198505 0.909778922714912 0.0256137940638925
-1.70069346397822 0.890246155083913 0.0265501023188854
-1.71002472661159 0.926352898654669 0.0124553937537607
-1.70862955284188 0.940990612192993 0.00513688236260726
-1.68863851611006 0.931934682009648 0.012918335415432
-1.68750005601403 0.934028163386739 0.0129086585740867
-1.69669527699948 0.902166791189108 0.0119804138810871
-1.69364418862297 0.904844084770134 0.0119716301329716
-1.70642531172052 0.948484662982725 -0.0178125657970061
-1.70632621552304 0.947863664023754 -0.0178407017834592
-1.70094759103015 0.950270431643009 -0.0177830152857755
-1.68714171495888 0.901574378835844 0.0129607060265532
-1.68706079438503 0.904631457207209 0.0212886327103352
-1.67612445251848 0.93302427719771 0.0129142061655161
-1.69436183383891 0.954646606911284 0.000733609273726135
-1.70881709092486 0.934477195860106 -0.000243605068934276
-1.70756301337685 0.91317809426511 0.0158617273311174
-1.68065349810649 0.912821550870843 0.02707104229755
-1.66394206204556 0.928328185990462 0.0251173288335256
-1.67380557870801 0.930776953625556 0.0134053683279179
-1.71301318960029 0.933278197274289 0.00415243036987953
-1.71284297266641 0.931976628344893 0.00414989173622697
-1.67801414942056 0.934479075911061 0.00854787966162624
-1.68538548538215 0.931439278888204 0.00853590949249388
-1.65976095953336 0.921291034849753 0.00903642318582817
-1.69197882936961 0.904625753489543 0.00365820471758002
-1.70853867127727 0.929991605494162 -0.00219998220631339
-1.68551589212161 0.941454831238161 -0.000243666638977211
-1.6534389793197 0.945447902096511 0.00707524089908875
-1.65507321562611 0.914596415514599 0.0168184693172397
-1.6869352108338 0.904035118000637 0.0119406841981877
-1.69232279623502 0.902985795704092 0.0119565259704221
-1.6941839766166 0.947155255746557 -0.00318002602131132
-1.69182190085235 0.945686337749265 -0.00317013136387664
-1.65930171425072 0.950806670069231 0.00415929650106869
-1.66334333259388 0.910581365888728 0.0159053719676569
-1.67854639932498 0.894810863775537 0.016380575182218
-1.70635621551252 0.913931487294761 0.00366228113371015
-1.69059378864331 0.951202146595867 -0.00856198987756662
-1.69180795114857 0.954081578259662 -0.0085355075665367
-1.6685837380255 0.918639366141943 0.0153992237980612
-1.67449491023605 0.898852159159221 0.0202305003882419
-1.69315625620243 0.912736303427345 0.0109808567112862
-1.68349117191304 0.944246379085827 -0.00609167708221089
-1.68168378395538 0.951818045799441 -0.00950947641986113
-1.68306165774666 0.9128904998662 0.00758247418142729
-1.67611408495342 0.896143496410033 0.0193352670798146
-1.67434748147254 0.906725189483809 0.0192520487489982
-1.68416288250331 0.95188091598108 0.00706965724101313
-1.68752005485637 0.946720429325963 -0.00171329773665414
-1.70955288554831 0.939024426519182 0.00415317864812957
-1.6936204138074 0.907806001406695 0.0192757979769425
-1.67472998628072 0.910396819153303 0.0255746540430036
-1.67458165794829 0.929089221311276 0.0207089276947078
-1.6914710496294 0.932116776390313 0.0100108763896545
-1.71831839032272 0.949207945569447 0.00659494086637549
-1.71979071244619 0.951361220876413 0.0065805044184275
-1.70748044333742 0.917591893901879 0.0143689110417337
-1.66930721786899 0.926071443346687 0.0222699590711683
-1.6674374491465 0.915616133899216 0.0246201502534363
-1.68454784942008 0.926706220999626 0.018805199152472
-1.71221887939138 0.924345124017151 0.0129224986876087
-1.71848440625639 0.93979481500922 0.0163474878278897
-1.67774911544522 0.933968072891307 0.0281232497641136
-1.66574066956325 0.922582401011545 0.0333940967934074
-1.69507169259792 0.915811433146915 0.0320214038180413
-1.71861073793785 0.927546896833946 0.0242285205893869
-1.72990466013293 0.941852096214825 0.0163763769767255
-1.70295548357021 0.948981444198822 0.020312828092709
-1.6752890058146 0.919953886824111 0.0329583816037141
-1.69440376770894 0.90254461660383 0.0408645289815689
-1.7186547008047 0.905338114245234 0.0305205604209694
-1.71153704783123 0.940451427880089 0.0119865413855413
-1.70557108644221 0.951580854538863 0.00950051383224506
-1.68123823397931 0.928990614318465 0.0188222892950745
-1.69419740105886 0.900451691051456 0.0294875920927747
-1.69896019234286 0.90750675781934 0.0226821325053808
-1.70080936049918 0.940339862945683 0.00463037835135315
-1.70542089206811 0.953339253341369 -0.00512494124329206
-1.70234694592695 0.932321247708322 0.00609670096195435
-1.69879160166763 0.930644404701819 0.00609700844429954
-1.69759199303583 0.902593099939084 0.0251091256994414
-1.69192682741673 0.9030237035446 0.0305496519118448
-1.69088617061128 0.935828728346543 0.0207854706383578
-1.70079203943937 0.944509737655559 0.00708699373993487
-1.7188236837007 0.923196435292777 0.0109739454679917
-1.70403872541512 0.908050913302522 0.0217716893613468
-1.68773505841848 0.897575298466355 0.0251397429394514
-1.67579998800507 0.9253688971088 0.0163514050048014
-1.69022483051097 0.927275515449114 0.00171129660760264
-1.71803471628624 0.92948364168229 -0.00415877166323032
-1.72101913791153 0.923608774452235 0.00024418558970409
-1.68158449013883 0.92487005625025 0.00463210635291777
-1.6660602477682 0.925570892878573 0.00707519408309357
-1.67986693672869 0.914466669489239 0.00414186494385818
-1.70814820766035 0.915313455664008 0.00122064205908796
-1.72483761079011 0.934351463640147 0.0051174387111106
-1.68672021050462 0.938147893382652 0.014412556123667
-1.64959566284946 0.928178716034505 0.019750380875564
-1.66942806641665 0.908286164331308 0.02076822795369
-1.70383022482948 0.9104240504739 0.0119876690331338
-1.72618436999295 0.933555459025144 0.00268175685087753
-1.69479463231146 0.95454223073175 0.00269074991976948
-1.69494121613226 0.953302529405941 0.00268024417677791
-1.65461358270998 0.938584260231488 0.0115024201672172
-1.66352475843647 0.908768825450042 0.0143680162976619
-1.70282701618788 0.905140652976425 0.010481610651304
-1.71062009629983 0.927306671281146 -0.00122226117171522
-1.68958424484153 0.956966956041535 -0.0031692162313124
-1.66469165970622 0.946288786753654 0.00658930892328173
-1.66351471128061 0.910387859045615 0.0222489964662748
-1.68243452152828 0.89937891895641 0.0241381662872126
-1.69562390791563 0.92617527821741 0.0100049328527692
-1.6829820098329 0.95901564742299 -0.0051337984218727
-1.6704343188309 0.950168578802596 0.00170576586425282
-1.68588212692826 0.916363710127475 0.0197549049070016
-1.68111893583432 0.888620274979246 0.0276504690401826
-1.68542647262267 0.9164657587092 0.0168380605648488
-1.67697889649759 0.956239202349913 -0.00464310144614803
-1.68636649626522 0.957875589540065 -0.0100034721352983
-1.69125870717548 0.932169382995264 -0.0012206657061616
-1.68345278726584 0.891448401620989 0.0119853595040413
-1.67475961475647 0.90732927789421 0.0134276248828216
-1.66272778944159 0.923318503725836 0.00122200289379572
-1.69059334594177 0.954349152485508 -0.00904591509596527
-1.69567038587081 0.929104002680271 -0.00219797081961854
-1.69489377859239 0.926608313025441 -0.00219685080691016
-1.69736618266733 0.927250546155897 -0.00220293516380659
-1.67086868233049 0.918016830330351 0.0168808306771047
-1.65171469612408 0.913348620910758 0.0129383967070743
-1.69070272744229 0.94419392279496 0.00220029236059955
-1.70638984695831 0.92080257119708 -0.00121956278267035
-1.71329941944931 0.943071897079505 0.00269175089567223
-1.6689772544707 0.914483516718446 0.0153565035251132
-1.65609824849017 0.918023491248543 0.0173495050300637
-1.67781552501549 0.924762812457933 0.00901952133814819
-1.71148518225426 0.920150897986632 -0.00268585569890759
-1.71479490339801 0.960515646721033 -0.00170993558821095
-1.66743797362989 0.931890474949937 0.00950344004210062
-1.6617190067351 0.93142583080538 0.0217461745899321
-1.67884447089868 0.900591541458163 0.0178541126250905
-1.71976786717375 0.920490931257072 0.00659142345473155
-1.70866039517026 0.951888426366675 0.00171363619154863
-1.68620397377603 0.936061206436387 0.0144290078946648
-1.66975295958129 0.936667901996368 0.0310043741638623
-1.67928255337192 0.895404794599859 0.036442447453115
-1.71569952561265 0.923071015143765 0.025169138561379
-1.71451890597062 0.937369645717339 0.0105039386501746
-1.69993956831568 0.953390244399605 0.00804403541507981
-1.68511157803152 0.941326161460423 0.0207010430429913
-1.68129533868809 0.941251561551346 0.0207003301930762
-1.69161850214302 0.898788678115519 0.0329617305345804
-1.70065472123333 0.917856340450281 0.0343657018410048
-1.70802155204912 0.928687251523612 0.0182720411090052
-1.71469439229162 0.951509693531279 0.0109805110835951
-1.71662760597323 0.937181325367033 0.0178628134173444
-1.705042121668 0.917789351538322 0.0305816895115472
-1.68291805229403 0.911111438685199 0.03450556663036
-1.68752785053568 0.918388229932532 0.0241252049774545
-1.70711327857447 0.932108234992668 0.0149038959350347
-1.71899208278699 0.94110159630654 0.00756727425305247
-1.69392388351746 0.928225189493334 0.0173668494028325
-1.67645040899514 0.923822670644175 0.0261111604103778
-1.68099795547717 0.908212242209884 0.0242022655201597
-1.6764059567634 0.911327337242948 0.0241740834122718
-1.7384717098876 0.936991372495814 0.00708747204140034
-1.70626785862578 0.942124135732005 0.0114469349474127
-1.6799427888371 0.932836830091453 0.0222478352343093
-1.66215125504855 0.89080140897962 0.0310150343621623
-1.68618735715003 0.900182411653928 0.0236475663250403
-1.72187804059558 0.912575959634277 0.00658192110118523
-1.71020266840591 0.949412429736696 -0.00316862701559014
-1.69187609940076 0.946222313209256 0.00268003672166931
-1.69260354769332 0.946245602091487 0.0026798992473027
-1.67226828323927 0.903537453379068 0.0129456656768183
-1.68770124596317 0.894331294573512 0.0148553055353765
-1.6875183579301 0.895533301351099 0.0148574797994484
-1.71450645883022 0.947160056935757 -0.00952486506949263
-1.69633554140082 0.955985785310602 -0.00706504563557636
-1.68647344165124 0.918939706355034 0.00709175510808709
-1.68253044236193 0.895640880202439 0.0221870318126696
-1.69160936554232 0.900739764336516 0.0222647096790546
-1.69649324063727 0.943578792437107 0.00611200978442754
-1.69632726750722 0.956227361216735 -0.00415339283199963
-1.68405165326924 0.933884751678344 0.00610518684856981
-1.68334863390129 0.893399019996836 0.0212176754834049
-1.67975303955991 0.895250955779765 0.0207597655702773
-1.68154980503584 0.898366896412059 0.02075150482063
-1.68624282297934 0.955182712449189 -0.00611423228363238
-1.69379082592898 0.939659324798676 -0.000243501676362175
-1.69451189575878 0.91437200969436 0.0129139030846372
-1.68640379196837 0.90950004011747 0.0188090942190071
-1.64982902203416 0.927938944776799 0.00804396880979669
-1.66846370039415 0.944799594340196 -0.00220278553572612
-1.69420425035972 0.938489672745512 -0.00171384504907716
-1.71044817566956 0.92663351359392 0.00610045870573546
-1.70438899474497 0.925906030120016 0.00610802487751924
-1.70900534606528 0.929666607250043 0.00611721224395582
-1.65942116604777 0.924328783697671 0.0197988946310958
-1.66031532730806 0.926139513792752 0.0109847426594672
-1.69708668272137 0.920834823529499 0.0022012873181897
-1.70912765385249 0.935135601491474 0.000243508084688922
-1.68831649843845 0.936993750986705 0.00512878767237938
-1.65648429004353 0.937626261857329 0.0109863681222666
-1.65316104759977 0.909627607880209 0.0114765900589657
-1.69277198986159 0.909514120289526 0.00268563648477981
-1.71395029812277 0.932254401745499 -0.00317903146345539
-1.68321865661061 0.958851298266471 -0.00268887422926149
-1.66283950737473 0.942795984349454 0.00806346353730849
-1.65551880985114 0.91667908406037 0.0158936846757959
-1.69625869590024 0.8933169912061 0.0139079101312631
-1.71116630964427 0.918969551442821 0.00561045696279857
-1.69125747407404 0.953639949094226 0.00122096363540133
-1.65985917697805 0.952390830086667 0.0124396986774532
-1.66427995804272 0.912262694610164 0.0270498192315222
-1.68862643845617 0.8890348465858 0.0231471057264342
-1.71812877683374 0.912628799470018 0.00660639490082644
-1.70083522340383 0.954496871590221 -0.00853702332691249
-1.66534602678906 0.963664905385622 -0.00757526511133688
-1.66666545950333 0.922683664746789 0.00806807109122802
-1.6684934946844 0.923329611919362 0.00805639692267691
-1.68983456383716 0.889221698468973 0.0173456454391542
-1.69808192546315 0.896809132993301 0.0095430932933286
-1.69415763249594 0.952241098027208 -0.00366446126610012
-1.68495037487306 0.962267541195499 -0.000732357492621336
-1.68295430775073 0.941340289315645 0.0153712359767497
-1.69520244751668 0.896462973489817 0.0353614213360786
-1.69861460330316 0.899845136999993 0.035917307146976
-1.68922482434145 0.928055436646313 0.0227176884372983
-1.69317922450382 0.957987222914102 0.0139330103140048
-1.70118252597138 0.942251173428475 0.0183551548131751
-1.707223246764 0.914241959095923 0.0280088156476863
-1.69742741095615 0.902827560178378 0.0300557598879162
-1.67829828386819 0.922181511562537 0.0207767532887377
-1.69650868138294 0.944614700758359 0.0124466790202748
-1.70291862790951 0.94773997752157 0.0124383726638931
-1.71420973933523 0.930897000382425 0.0177894240951725
-1.68834354812788 0.913041466430836 0.028546225121349
-1.68278555631956 0.906250853947129 0.0325462840247091
-1.68154855711673 0.921281688801658 0.0217513177919358
-1.72325408525078 0.949885768456686 0.0109796140873095
-1.72251172246478 0.946846944867275 0.0139264052736858
-1.69631034673294 0.93280316967165 0.0276109527960087
-1.69993525694438 0.932098901391986 0.0275413419072436
-1.67679829314926 0.915032898527455 0.0344480746605732
-1.68329276061495 0.909611511147849 0.027125781089454
-1.70918614350966 0.931930103344023 0.00855119791876925
-1.72740478839635 0.945732542672637 0.000730453832274126
-1.71053123885899 0.938997540986864 0.0119373269431215
