"X" "Y" "Z"
-1.71809605602132 0.924058769028683 0.0241122233223103
-1.701673547373 0.912623878379958 0.0246720035762374
-1.6943795567614 0.938774947531987 0.0193180107823988
-1.70437966089444 0.947383010202257 0.00853780943028131
-1.704005804791 0.944879169322876 0.00854184604778682
-1.70655569960547 0.921411575009348 -0.000733160639454676
-1.67754564517984 0.901093338889218 0.00121797804774891
-1.66579619123205 0.912189769391943 0.00414007411507185
-1.67730144388072 0.926268136753985 -0.0021992345545053
-1.69453739064503 0.913448599707435 -0.0133946338275089
-1.70487419389702 0.929420984546463 -0.0129324441910989
-1.68703563405293 0.906201035280129 -0.00414817292646098
-1.66085609373903 0.929992655301129 0.000731463145427448
-1.67760614422833 0.917071302070142 -0.00170789656400284
-1.70737982793493 0.940398774106149 -0.00903349531247276
-1.70626504634132 0.942751459891262 -0.00903015644617865
-1.7192134998083 0.948750351594638 -0.00758363287593022
-1.69199876544334 0.939081185636937 0.0017102096066715
-1.67837839412157 0.934304494278717 0.0114935692399801
-1.68327459481903 0.923778258673626 0.00707010681992797
-1.70659440551165 0.941908579049604 -0.00415734242715628
-1.70897096975523 0.948664100780001 -0.00706932623154684
-1.6886748005242 0.929107792455778 0.00268548196281987
-1.6699931565986 0.917802791821915 0.0124669280252519
-1.66859490497712 0.9057181166998 0.0119847190498098
-1.68250455021202 0.926377387874664 0.00269243656257961
-1.6804886494142 0.943579698253497 -0.00561981553324873
-1.68286513335128 0.92976349799553 0.00024415580969858
-1.68120663018137 0.92530114176396 0.00902612700510727
-1.68148219718221 0.902406620636478 0.0124447011146179
-1.68450063023682 0.93642547554738 0.0100340495193774
-1.68382172358805 0.937990299524196 0.0070692206749077
-1.68944365434987 0.944614133963791 0.00757313889025083
-1.70137741327884 0.931509875942883 0.00852708588102365
-1.68984896877882 0.923022571084974 0.0129637026479777
-1.6829860660049 0.940268692173343 0.0159014802645697
-1.68179042196913 0.928392565153404 0.0114485303393568
-1.69128346278111 0.945940293970114 0.00415071598114364
-1.69042196536247 0.942474226789435 0.0041437702587063
-1.68923116889179 0.945880825555283 0.00415857034283975
-1.69137055472535 0.940557135054733 0.00562261758650931
-1.67208829291451 0.93092829215296 0.00855351741073797
-1.66855816528306 0.931497573633891 0.00852643335273152
-1.68660111815686 0.918714270063991 0.00365890847923092
-1.69032868097844 0.917999196975805 0.00366441790849143
-1.70025687191971 0.928837437655759 0.0031808618492596
-1.67096291518603 0.931128748973785 0.00904542843316159
-1.65490384812546 0.915672930637381 0.0149092727956118
-1.68277879194429 0.918726754844517 0.0129695409112286
-1.70738388838355 0.92849286206548 0.00562833799334563
-1.72020849538916 0.935384270917081 0.00952998526935231
-1.68828271525312 0.935344618420136 0.0202907586129702
-1.67828334978186 0.918893210035384 0.0275222620618077
-1.68068802867206 0.927370530253901 0.0251358979479879
-1.69284775427928 0.932774281391931 0.012459694136978
-1.69389710406195 0.946503214812856 0.00415096325438964
-1.68554373313305 0.926837911712122 0.0119470572516559
-1.66429428220287 0.915925544227478 0.0241444151059633
-1.67193987954751 0.908269288073861 0.0329659550933063
-1.67578726710444 0.928236309141728 0.0275668175694284
-1.68749936778982 0.931360249869783 0.0202191375951869
-1.69879516202513 0.93296738282757 0.0197807721494231
-1.69780428114557 0.932468005180521 0.0197450883351101
-1.6981664925313 0.921556059329109 0.0304551221946693
-1.69861851267812 0.923807573988151 0.0305579225528401
-1.68063949758526 0.934251020149185 0.0368152124150872
-1.70448341619718 0.941683521568125 0.0309605466030052
-1.71638445451693 0.942924887461459 0.0247004810081478
-1.71927880105399 0.942611625520114 0.0246830549642075
-1.71568757357588 0.943960315523563 0.0340154557688871
-1.68577410506676 0.922659415273066 0.0354398008433094
-1.68998387369956 0.928690601449057 0.0309761376653143
-1.71040755083212 0.920218848375606 0.0236590085102974
-1.70874514110386 0.925145888785691 0.0168639693351886
-1.70889080727157 0.926553394659216 0.016882531735146
-1.673014595926 0.912963017026906 0.0246395546167762
-1.67379291063635 0.91406908158463 0.0246742535689861
-1.69934207599777 0.903216943397229 0.0168526758392124
-1.7122388617714 0.921722722726628 0.00806798737620235
-1.71271413247869 0.933581773756603 0.00999914056701697
-1.69382028791225 0.930255298323445 0.016338342262903
-1.6919296262901 0.925130573581314 0.0221887162042771
-1.69420025358189 0.924942914633225 0.0221878526828202
-1.71597947981284 0.925510620249405 0.018764361993344
-1.72118921402029 0.941421350542617 0.0114749628739417
-1.72284806573373 0.943809442694457 0.0114758324549108
-1.7176431042039 0.94297859352857 0.0114617175136599
-1.70335469042214 0.927450767203186 0.0138888108127245
-1.70153757255809 0.90890323966988 0.0149238836088603
-1.69440801137709 0.926701525066577 0.00561949896423407
-1.69480102114607 0.931700294900988 -0.00758411458457783
-1.6930119447511 0.922549423587427 -0.0144319880527237
-1.6918932188181 0.912070275783858 -0.0109754396336753
-1.69603123439376 0.913977186320046 -0.0109586146658094
-1.68584766638061 0.919120161703022 0.00416012674680061
-1.68706979664455 0.927824694097118 -0.00269056458334827
-1.69793811984468 0.943564413520304 -0.00901473611343396
-1.70316699912311 0.932982158010507 -0.00660009102251269
-1.69957178291612 0.922787127834034 0.00268896269315748
-1.68325076872361 0.935653391333268 0.00610468591363566
-1.68808750504278 0.932840600396387 0.000730423492152267
-1.68591655920732 0.932879377453862 0.000733029339983035
-1.70619941944633 0.931856020968337 -0.00609362046392789
-1.69000274323891 0.934783177941145 -0.000733422203744296
-1.67056911911333 0.932670394436259 0.00219401375206258
-1.65895784067278 0.928008090388316 -0.00316686806234529
-1.67729688168027 0.9281202815711 -0.00999730345253615
-1.68235295282225 0.922435811942881 -0.00755080341997633
-1.6795333417725 0.923662847476998 0.00269160998120134
-1.67701947042947 0.920764939930583 0.00268047592759815
-1.66534263778354 0.925452861307414 0.00904719759504517
-1.66862210742022 0.927152519760101 0.0090244276988188
-1.67602977818351 0.933398124794601 0.000731240380094536
-1.69306423135789 0.922920835338032 -0.00171107108343121
-1.70260127680269 0.939962258641582 0.000732437075802893
-1.69511879045315 0.93203878033929 0.00610435284566447
-1.68442004816161 0.928399679198123 0.0105019075362487
-1.68222961631373 0.93027398861382 0.0129319465746538
-1.68301995567688 0.927654249079344 0.0109941473255764
-1.69650375676275 0.940570921532489 0.00660791555675343
-1.69338220044771 0.926498565198045 0.00317183603436527
-1.68475568404 0.922803611821743 0.00950062194253077
-1.66270873041572 0.916028073190062 0.0119406466642155
-1.67981967944343 0.922071842486952 0.00757463182667967
-1.68487188927826 0.93710447850965 -0.000244553918626606
-1.68276490280169 0.937137283459232 -0.000243882573734042
-1.69053015515735 0.93172523853464 0.000244493123433301
-1.67059357539573 0.912708688281109 0.0124411777705003
-1.67589954841855 0.921351107157229 0.016805993877116
-1.68522383655825 0.93026954917281 0.01003177557553
-1.69692799021251 0.947464242825723 0.00170944960711693
-1.70037876595294 0.935197633601156 0.00708626233898783
-1.69383056897923 0.93379550616558 0.0070716159898534
-1.70045845791278 0.934475115002768 0.00707063427737528
-1.68314481105625 0.92068175033258 0.0260594204294998
-1.68405374879593 0.92671855819025 0.018339269856175
-1.69238296685842 0.933861165660669 0.0104974350889449
-1.69074422222284 0.941552886189754 0.00901335501290945
-1.69007425446116 0.938180672238227 0.00903923449306726
-1.66914299250623 0.911533487290128 0.0260651060364999
-1.68238122078205 0.924790588228589 0.0251787671565362
-1.67284172771437 0.927270495975619 0.0129243436088702
-1.68456782419078 0.938559668547702 0.0100185823705598
-1.68165713203194 0.922048104970556 0.0188316800800366
-1.68776017947153 0.92239080463623 0.0334129123124383
-1.67820786146111 0.917232823120844 0.0363621064710404
-1.68082252829699 0.933200664766262 0.026119859604696
-1.68844075029718 0.942157568405656 0.0227577302838655
-1.70492157801168 0.931850920529054 0.025158562234046
-1.71520286180427 0.933558741810662 0.0314902270225182
-1.70231257369408 0.919722743226492 0.0319603473462661
-1.69117839354505 0.942824070564769 0.0330321235889494
-1.67836328323364 0.933429217073189 0.0261778330141363
-1.70156533242362 0.936068803457243 0.0231553653081911
-1.71678094505082 0.919020381096722 0.0241680733162668
-1.70540945322823 0.912751229703572 0.0275246221507677
-1.70354250555368 0.913220147343592 0.02752321089801
-1.68659344259086 0.929801774549666 0.0300457282044154
-1.66655964026826 0.922610154121769 0.0260699859517951
-1.69589675526971 0.935539374859537 0.0203034472252629
-1.71533206445969 0.924257126699749 0.0124258464941021
-1.71949085073445 0.925506882299885 0.0139034992467572
-1.69321504947191 0.92572087438931 0.0260946518160015
-1.69300327521544 0.924037452320912 0.0260939633239002
-1.70132311019989 0.927293487301048 0.0309733233839342
-1.70472922739037 0.928039784741954 0.0309826682741286
-1.72367888951691 0.94396632348329 0.0163899322554891
-1.70579479886702 0.931890700733211 0.0212100323366686
-1.68708193730972 0.92054232484438 0.0255954668848359
-1.68905838640915 0.918289538223879 0.0217659313094522
-1.70303770333706 0.925160160732452 0.011480508852833
-1.70412770841787 0.926832232789835 0.00365711519053658
-1.7100047607239 0.929428271430751 0.00366805742425326
-1.67487650944825 0.906797750696138 0.00853691714625237
-1.67675377560714 0.91322771280824 0.0075781939032256
-1.68915118837741 0.914163687749319 -0.00268475385796506
-1.69954527582565 0.937146861670084 -0.00902766872238284
-1.69690809941816 0.929624804605947 -0.00561564589958612
-1.6931713704361 0.92292013065875 0.00513483054500797
-1.6961364333443 0.92110116542295 0.00512972997164844
-1.68703117457009 0.919609811956198 0.00807167416523548
-1.69011356976218 0.919846249039307 0.00609282567719041
-1.69449745494613 0.930794921522793 -0.00220112006966071
-1.6977918382532 0.93310367201321 -0.00902204778120561
-1.69363948511579 0.938034796142631 -0.00560439283923224
-1.68953490497558 0.925401274188032 -0.00122167235983612
-1.67956400986232 0.923331371993791 -0.00317318710236625
-1.67413617243041 0.928470162777739 -0.00560877241908208
-1.68174550865442 0.926047331533561 -0.00950408669196388
-1.69251353130204 0.928428770277428 -0.00853233886564191
-1.67451894526209 0.922861775586226 0.00268437917572272
-1.6603709295047 0.915404790630726 0.00954038115420657
-1.67485795395172 0.923360077530274 0.0085650419728455
-1.6781323503706 0.919313011674349 0.00462784726691661
-1.70292081472231 0.946817126250272 0.0021955421789568
-1.69157755164294 0.938500462206578 0.00464385725501079
-1.6816666292573 0.936524209373255 0.0129563146908342
-1.67336173197837 0.918144908977997 0.017341900582259
-1.68500077203275 0.920917798534463 0.0163871569046743
-1.70584062698944 0.939881956931399 0.00707898810508722
-1.6952516378523 0.9449458989289 0.00463674539895294
-1.68204940738597 0.937081937651533 0.00998924769731007
-1.68244875265969 0.934304997975052 0.0100259236167651
-1.67559967439902 0.910753725480528 0.0158861232089567
-1.68045835886695 0.911124134140879 0.0129586563730633
-1.68551856294769 0.92915045961778 0.00316700502990173
-1.68675627681116 0.9360899904808 -0.00121810884714201
-1.67194021755044 0.94025114622425 0.00122051290408133
-1.67955723853229 0.909032035352093 0.0114696874151336
-1.68404588343058 0.916531764809739 0.0124690134097953
-1.68823827676382 0.925960630544014 0.00755503516832124
-1.69593826926393 0.946914140637853 -0.000243927371246344
-1.68905606756179 0.951568029622314 -0.000244250245806682
-1.69627054073091 0.921048826097335 0.0119367833579015
-1.69194995288327 0.929304470041128 0.0217108763908827
-1.67942147890964 0.913712363318858 0.0188049739670712
-1.67977314226303 0.939411445957252 0.00756072936795451
-1.6932551716285 0.941288989486946 0.00122019585942074
-1.68337176074272 0.924600698746021 0.0095396595549467
-1.67787553923903 0.912997208714729 0.0212491501025583
-1.68049527696551 0.91375473947569 0.0212901412831047
-1.67088500651554 0.931870730745225 0.0114772094865037
-1.69078562693814 0.934896789604437 0.00318071310071942
-1.69505162692044 0.942709543480454 0.00805937631747916
-1.68825018569411 0.926572335934688 0.0241648057587092
-1.67805871949606 0.921889737281146 0.0320408163345028
-1.6821716689632 0.919862948907162 0.0320151912463119
-1.67513020584781 0.914953944993241 0.0320611030336897
-1.68926790714338 0.939754543208784 0.0241804585762842
-1.70730153226512 0.943597556554784 0.0153839646737292
-1.69572240929405 0.952472208540004 0.0168543435482542
-1.68741640418366 0.929584269552695 0.0285658058365475
-1.68494413885138 0.91842027979458 0.0349229220130302
-1.69453331944914 0.914801336001095 0.0333961655302674
-1.70999928148749 0.940615024885015 0.0222355470821255
-1.70774698108612 0.947938776410097 0.0168611822396554
-1.69864169125071 0.942899125546748 0.0193205131986405
-1.68627736867112 0.920635656512136 0.0299800543536579
-1.68295164917128 0.899237988870545 0.0330118007810149
-1.7000738744713 0.930631520394002 0.0216765762564457
-1.69840312825303 0.934279902302016 0.0095352281888954
-1.7022826063504 0.958080996577179 0.00512034799555133
-1.68863144944562 0.919261828349599 0.0192883226009253
-1.69473989804516 0.913263811457977 0.0329905339954831
-1.70017713255772 0.907713423511198 0.0314928114979859
-1.70519308790859 0.932081725775853 0.0153909699968662
-1.71587559179451 0.94445758758624 0.00660045005821191
-1.69750229263376 0.939886224653476 0.0153694277021737
-1.69260846572314 0.920696638285137 0.0295011083083129
-1.69109551221449 0.921851830925543 0.0295881117514889
-1.68789544422081 0.903027993995909 0.033501383896778
-1.69599982560854 0.923607748480162 0.0173392531947647
-1.70021828229594 0.923701582591502 0.017363279239945
-1.69509604105447 0.922645613058236 0.0173256343659842
-1.68706663402464 0.917131751871106 0.0134360878329302
-1.6868166679552 0.904760286968468 0.0193265599963753
-1.68956519581653 0.90877123944955 0.0119699946869283
-1.68696742125732 0.90838689654836 0.0119412726612845
-1.70068474253515 0.944245698811718 -0.00708363643698078
-1.69951162050657 0.929435585837564 0.00415845044246025
-1.68711711946551 0.905876017471469 0.0197603103663746
-1.69440578283291 0.902312643425242 0.0197988277921502
-1.68604198182253 0.920404430243167 0.00758076766230686
-1.70142923491647 0.9378352069734 -0.00953285827829136
-1.70577254351104 0.942507602266411 -0.0134279996542146
-1.69190465579029 0.927047810816972 -0.000733204612473054
-1.68010416077851 0.910975626398907 0.0105190358607158
-1.6839095180675 0.911632281790708 0.0105085181671391
-1.69565430488095 0.927247418652854 -0.00170737504120987
-1.69770988619917 0.941471338894636 -0.00953230099986263
-1.68946197541022 0.938558225144491 -0.00562479573785573
-1.67514230321576 0.914730348156945 0.00707268143033199
-1.6768910342405 0.916130305720319 0.00708774553411589
-1.67156014467247 0.915892812083774 0.0070639397305456
-1.66974174837415 0.916327424444712 0.00756666607166003
-1.69246592419697 0.942163438294245 -0.00512257337522001
-1.69751086461257 0.941304388347959 -0.00609429321082974
-1.67861526781309 0.938539190951571 0.00804630263110103
-1.66584395999752 0.91044143730843 0.0222076992643943
-1.67896517615409 0.920118094205546 0.0192776858970531
-1.70244953769658 0.933520617546422 0.000732448586188322
-1.71095766500622 0.955499957704253 -0.0065847606128858
-1.70781597677116 0.953578236916042 -0.00659076595465876
-1.67267683331124 0.919385624571356 0.0217012418018644
-1.66569336588222 0.918967726450275 0.0250882314393692
-1.68035554753927 0.919840908186904 0.00954151129882975
-1.68972779179599 0.942449328140672 -0.00561775548467953
-1.68616742652692 0.932543747254783 -0.007549636836694
-1.67777071162679 0.925840928715081 0.00805564683555997
-1.67083595195872 0.905895647235893 0.0232347908750653
-1.6665146262379 0.919912597797796 0.0217315550903659
-1.68816683446993 0.937135799422285 0.0026918871452698
-1.70626228992579 0.953058209291304 -0.00511646868295839
-1.6980223568311 0.942731855180136 0.00365993083441309
-1.69750184415302 0.925776479591814 0.0202820562940807
-1.67480789071627 0.918361646136504 0.0309542877678209
-1.67615856458542 0.91616801538497 0.0310471151380668
-1.6770420358884 0.9246754148315 0.0221711755861645
-1.69772019153726 0.942488529139788 0.00610745236107158
-1.70664464001564 0.949326883525107 -0.00513451437887077
-1.69922657604353 0.949357217487406 -0.00512243909561917
-1.67381589062303 0.918495067352282 0.0168147396298009
-1.65375268767656 0.914745344014039 0.02077085268178
-1.67594995358089 0.908553669908749 0.0143920984760485
-1.7129446067322 0.93504217244022 0.00463845595952861
-1.70354271990628 0.948513444877023 0.00513205252470202
-1.68140241929319 0.939343657064746 0.0197520501833817
-1.65661413049657 0.920165032427389 0.0334029877982784
-1.67964018624912 0.909692368467609 0.0314588193143961
-1.71514489139706 0.934251953205936 0.0159016657979771
-1.71268310513742 0.945863581219314 0.00660558462891601
-1.69539440624969 0.955165448404734 0.0119853431641153
-1.65611939729421 0.928949569201365 0.0266510413975211
-1.66703618756104 0.914451480433223 0.035412595000335
-1.69984613405428 0.911141230476385 0.0275514882044306
-1.71457052847657 0.933161709053955 0.01097478088912
-1.69407894837599 0.950722982312702 0.00758361735489246
-1.66574656992841 0.941610349522515 0.020726712860113
-1.66823598745459 0.911995791849115 0.0367988722144719
-1.67144636169992 0.914955831109245 0.0369104261887354
-1.69043535630918 0.903963703640621 0.0373873366208874
-1.7145302308283 0.919990355697257 0.0222491216462592
-1.7036372318288 0.948830288124063 0.0114641634414047
-1.69073728265128 0.946842155781126 0.0148811831924556
-1.68826013039517 0.920071221072107 0.0294764852030562
-1.68788055794539 0.918630498457731 0.0295372310640736
-1.70335141297201 0.920116021023274 0.0242110482555515
-1.70410354486509 0.949392710491449 0.00951470202364285
-1.70238544115674 0.954835784173741 0.00657934971222438
-1.69182352662519 0.924487400222186 0.02373742334693
-1.69763642361359 0.895439923449804 0.0392205747737897
-1.70120844977444 0.895866423170086 0.0368008552517974
-1.69930029711119 0.92755995882 0.017832445549131
-1.69470909234689 0.925522139953414 0.0178140398486921
-1.69568322992376 0.937504283682741 0.000244200038749613
-1.69764839326169 0.909797010053018 0.0193190263570643
-1.69523837442556 0.886686525945285 0.028038183842574
-1.69689848111621 0.916738021890202 0.0163754833419215
-1.69491426064366 0.957822963766037 0.000733332965466315
-1.71122989165237 0.959010131978779 -0.00171341326274498
-1.70715445139601 0.931598250294685 0.0124824000357475
-1.69605971383716 0.891038794808603 0.025129945295436
-1.67740388355376 0.905344481064455 0.0227040014360735
-1.68158456383733 0.903085555425018 0.0226646015587271
-1.68940225072365 0.935595743390349 0.0056237161229492
-1.69356878062394 0.936818193013295 0.00560300718608424
-1.70861601638835 0.936765755198702 -0.00657933599267915
-1.69442829572587 0.912239063094386 0.00856447830317529
-1.67715945655356 0.892882788644188 0.0158715366825732
-1.67696773936894 0.920763987366945 0.00316708456991647
-1.69901197277925 0.942788962242195 -0.0129421169880986
-1.70244986605767 0.939255628186495 -0.0168463420108611
-1.69635314593159 0.921506339035993 -0.00171297604444397
-1.68003175196503 0.902854490904322 0.0129266388672078
-1.66468233476657 0.919625666855542 0.012454893636899
-1.67316096446768 0.92645814840681 -0.00219973687066823
-1.69614745866442 0.940994899784855 -0.00904914849682606
-1.69821910499926 0.93089667705613 -0.00268525742803891
-1.6845535406806 0.916711113736205 0.011978229941176
-1.66589664051284 0.917410219330482 0.0197450017364518
-1.67419251284978 0.927168310649414 0.0100344205966436
-1.67583878279569 0.926295172325084 0.0100291589597498
-1.70611985899472 0.943476309516134 -0.00609747389840829
-1.69824164305631 0.928266208933472 0.00658353854345798
-1.67206574533274 0.91700749448006 0.019803642216652
-1.65595450273832 0.920224832454397 0.0232451721439386
-1.65536629687587 0.919009817509834 0.0232247476297245
-1.67569834132376 0.927783878980981 0.0110027780858857
-1.70353075691515 0.94233577152896 -0.00073059641876468
-1.70166838825764 0.932478851193861 -0.000731661646678462
-1.68319620325031 0.928147565691395 0.0148791193549128
-1.65452086728949 0.914353868180293 0.0226739097947012
-1.66539500549164 0.918176020805943 0.0173085482167528
-1.7086847988152 0.935153129936428 0.00269212945538365
-1.72019788683782 0.955413743086951 -0.00220210257383305
-1.69732563279432 0.94003985701273 0.0100196287947951
-1.66825330538028 0.934822833664197 0.0246875136432503
-1.66492302230399 0.909921767026973 0.0285954255768032
-1.69734672513553 0.925958373504802 0.0158499261296996
-1.71733565200998 0.937102614430819 -0.000243810943355602
-1.70097981478995 0.952705619344597 -0.00317780179881568
-1.6560545444545 0.941697234374034 0.00855529524138259
-1.64744892083501 0.917870494022795 0.0217433687094508
-1.67072234516098 0.906661404362812 0.0183099253424635
-1.70677960608465 0.920286234467742 0.00170883807227039
-1.70469979410203 0.942455471759593 -0.00611490643805344
-1.68449329199743 0.950251999470653 0.0026798577140376
-1.65414591081941 0.927706220183395 0.0221884327348649
-1.66674740399001 0.914166959412624 0.0310544593721375
-1.66633064934806 0.913001242259602 0.0309633670349181
-1.67009912041542 0.913958004635756 0.0309817684850326
-1.705563618105 0.941110761292404 -0.000243745686320746
-1.69583607295965 0.956993408057529 -0.00170673203184576
-1.66358467825407 0.941958150316824 0.0139021936275057
-1.67104570104672 0.922753739941894 0.0294911022507289
-1.68317729415713 0.901256044961036 0.0296010064206247
-1.70490105037086 0.930211114676932 0.0129166381192735
-1.6884992870925 0.951542685157027 -0.000732515127663729
-1.67550812373924 0.946779954138921 0.00805024329343057
-1.66921259656408 0.923390181965671 0.0275584272782238
-1.67146437947044 0.891253091522579 0.0403496529469611
-1.69192140803579 0.907662795948506 0.0291040386843671
-1.69894591913747 0.940872972986062 0.0119709356745878
-1.70591465228082 0.960400861323515 0.0061161242626055
-1.69076173238834 0.940813995934749 0.0182705778444081
-1.68502014242544 0.910692485116909 0.0344364389897117
-1.69286751464726 0.90345785465226 0.0359362317240369
-1.70932862139089 0.927662212612773 0.0202735437344645
-1.71654814745612 0.959822674751573 0.00758605014468057
-1.71304685817643 0.956756707670137 0.0159041005986231
-1.70326336791854 0.922729040438249 0.0363527294743997
-1.68414474979871 0.894796648638713 0.047161951966958
-1.69178287380342 0.894685944452994 0.036927025503082
-1.6905011415511 0.893532101325098 0.036802344805072
-1.69918155093704 0.942053166018473 0.0124523143834158
-1.70810518196222 0.938888548363137 -0.00121883242870364
-1.69653517867451 0.938547530873483 0.00901592094919262
-1.69675999946347 0.937729429479014 0.00903923303851908
-1.69839227573995 0.938059395549803 0.00901737949214213
-1.69481484779165 0.918721568817624 0.0143842837132602
-1.71950802039859 0.937150907544046 -0.00121820137011989
-1.71863128654022 0.957197224517701 0.00073278030634719
-1.69662431231742 0.928388196055596 0.0216745029000092
-1.67800779933823 0.902421190676699 0.0378685243676205
-1.69897218921807 0.908170992258012 0.0266704893027218
-1.71564641177758 0.92906587667781 0.00170641286094926
-1.72709908280771 0.950900690698583 -0.0119663125869693
-1.72712695186937 0.950341086543851 -0.0119807918859744
-1.66989579186052 0.908739417270155 0.0119797172424671
-1.6660816069698 0.900879627436095 0.0183539888520383
-1.68117642645199 0.905595263652237 0.00170771422496208
-1.70635382405789 0.941003599037607 -0.0163732866788634
-1.71301481664319 0.930441566552753 -0.0158603374948647
-1.6944717983253 0.928375053822808 0.000732800371408216
-1.67794468982393 0.906478771692678 0.0198135002350961
-1.66423014842624 0.905355030002434 0.0163505825450543
-1.66958528706442 0.905482783371132 0.0163226173541103
-1.68974805845311 0.940889633033613 -0.00317108128413744
-1.7119957435836 0.931706197263165 -0.0168423713721317
-1.71447533687488 0.953355613399183 -0.0110133505885332
-1.68585885124914 0.913768420087006 0.00708646586592654
-1.67056056763192 0.921876209055516 0.0149101401649644
-1.68125870791212 0.924613231746473 0.003662026122251
-1.70203944921553 0.941945630523493 -0.0158740880522683
-1.72878465293539 0.948265004170861 -0.0192841464583438
-1.69624976370532 0.923570331422443 -0.00366440401570406
-1.66349035776364 0.910413872682031 0.0173337004155085
-1.64815555255268 0.904050103205808 0.0192659939584254
-1.68376868409619 0.91821277731988 0.00660061875440918
-1.71373438695471 0.941150881786468 -0.0114604485172117
-1.71118759806518 0.934341040494632 -0.00903579480242179
-1.6648310605874 0.932927269582287 0.0114884480753487
-1.64774562671192 0.905946275029908 0.0256572988000266
-1.66893325321873 0.919843307172899 0.0148750069729528
-1.71668035342316 0.941920404118549 -0.00366777710208089
-1.72396955597217 0.94635530864191 -0.00852664205786803
-1.68897718521246 0.948413239248504 0.0090401116742338
-1.68751436328481 0.948365362011777 0.00901767147347678
-1.66435758015203 0.916550356768075 0.0300005274449538
-1.66903867776273 0.917053223705757 0.0299560129305094
-1.66641229411661 0.914349559304307 0.029976067853598
-1.72187767741901 0.943536717738719 -0.00807045910178373
-1.69253033212554 0.958144648880401 -0.00560555279202277
-1.65767607441074 0.925560447096387 0.011963888413875
-1.64817678992135 0.918329475547345 0.0260663600337522
-1.67208308857764 0.905821947044648 0.0192760913263265
-1.69925616855059 0.929217693234705 -0.00366571678028279
-1.70311218713084 0.927092149986449 -0.00366405747588233
-1.68064532201098 0.94746633090709 -0.00560659709761318
-1.66361486054462 0.924621333443072 0.0149226140623652
-1.66688861877557 0.900511487635059 0.0275267858830031
-1.70200760149245 0.914031147878711 0.0226781561563456
-1.70919153253007 0.935405885281512 0.00513403522463295
-1.70982256422919 0.96038991454188 0.00121929861666078
-1.6787118561253 0.94391073827805 0.0129359277593678
-1.67912184968319 0.942471960280747 0.0129420783699035
-1.67705856723456 0.911399352266092 0.0246474019164417
-1.69733722588748 0.927760343486908 0.00855668842656182
-1.70952823648277 0.955556689900143 -0.00171402874702286
-1.68355636102613 0.942725605514689 0.00660362881157279
-1.6744004839167 0.91911863846895 0.029030747938035
-1.65524391874435 0.894545832523995 0.0407783822006339
-1.65645889699321 0.893161523093902 0.0408365844809632
-1.659837992673 0.892621273253059 0.0407954699676016
-1.70915640416991 0.937397022752147 0.0114575976415007
-1.70536465452897 0.954471658200551 0.00856697477716759
-1.68033394586222 0.94001973318734 0.0281225899943674
-1.66716283254533 0.912345603275155 0.0456948030270979
-1.68061660773669 0.904142591513374 0.0442362367467767
-1.71913875407634 0.932283256316732 0.0212177155049139
-1.73875242318872 0.951513047134236 0.00707439464072669
-1.71056384697146 0.9597133284949 0.0143873722627139
-1.68422032171516 0.925854882006122 0.0373789918872605
-1.67151949584134 0.905130089184139 0.0519527003674785
-1.70271953295248 0.909943083305314 0.0353507167516784
-1.72641832459594 0.933469165840949 0.00903767611625369
-1.71655697278764 0.944624333785592 0.00220336484595375
-1.70846460776749 0.945203474279408 0.0021953325563754
-1.66554921246314 0.90146174063179 0.0398015967442737
-1.67939464501059 0.893692944311248 0.0373295011695949
-1.70532236477247 0.914600346515957 0.0143827557960516
-1.71885958791089 0.93688968067953 -0.00268563181850564
-1.71772527811675 0.942893852792182 0.00220314140148315
-1.69248045726392 0.922104601092502 0.0270982790424087
-1.68767516030175 0.907923259806804 0.0426306340490485
-1.69428432527683 0.907389699877433 0.0426325788043973
-1.69116788239961 0.905119072529038 0.0427521266510448
-1.68840946788961 0.90509570621141 0.0426761520518503
-1.73106744375367 0.946376321830669 -0.000731148473577839
-1.69696567123574 0.945526966298218 0.00560856281041967
-1.68017115959363 0.911367646546935 0.0178618739561796
-1.67132081382569 0.899622034092933 0.0226745006703279
-1.68963892110268 0.90311080232654 0.00950116381590895
-1.71278858605137 0.942533868186304 -0.00999034112895644
-1.71690469689445 0.948084431606075 -0.0148876305836821
-1.683905467442 0.92603435336567 0.00317062192227031
-1.66528838738671 0.895592292077412 0.0217016614432103
-1.67567187390072 0.893638141028321 0.018333728151668
-1.69869569913006 0.932857263827012 -0.00317436164047291
-1.71713265673539 0.953052854260544 -0.016812979504233
-1.70159310347301 0.953113312661407 -0.00805074865082445
-1.67715059912087 0.910446113447249 0.0153781843004757
-1.6650237415117 0.906237711980624 0.0231917244208178
-1.68782180734983 0.915712235512836 0.00610423938730811
-1.68745927191709 0.915908433292111 0.00611425631252756
-1.71764610145071 0.957578491755508 -0.0217055193779638
-1.67962712678414 0.931194713413636 0.00121890323527046
-1.6577554289455 0.891125418766359 0.0231998996891776
-1.66301578004181 0.908481988850035 0.0178513609746847
-1.68203437611521 0.925213995355824 -0.00609304336663139
-1.67999304656511 0.923292591857594 -0.00611669659335941
-1.70931053061974 0.959153688576517 -0.024131585525509
-1.68543968189024 0.934859125033039 -0.0119492309983982
-1.66429961622354 0.912949850863921 0.0139411112539031
-1.64507299359315 0.905789747333795 0.0266254242675531
-1.67141742925968 0.91310290485059 0.0104979157100485
-1.7009763086478 0.953520419750377 -0.0100171522449889
-1.71354282940789 0.945310690167769 -0.0134514826406071
-1.6946110037358 0.94556778564997 0.00611653674917426
-1.66128923085183 0.913556796484743 0.0255737857899577
-1.66525235354012 0.923858630323028 0.0265656565413527
-1.68452123661479 0.922228590212413 0.012940418232315
-1.70713227720541 0.950571472506678 -0.0090204815374429
-1.70404693081055 0.945484808725132 -0.00268953990065715
-1.66908738644817 0.930725878210478 0.0144062374008032
-1.6601484554685 0.912892514437867 0.02615761995355
-1.66736772693221 0.90959750611207 0.0158389126641772
-1.69755874813703 0.935489400712477 -0.00660784148368113
-1.71238701839514 0.948045008550859 -0.01681828224983
-1.69393700565802 0.942108218969572 -0.00171055329250577
-1.65080628213857 0.917910884932272 0.0207582096021938
-1.66052015273383 0.908587362864202 0.0286212362306049
-1.69618447828547 0.916765455125889 0.016397663796881
-1.69252828734243 0.918755414299373 0.0163581065649548
-1.68919737360395 0.918819593193794 0.0163415318101533
-1.69507098364392 0.917806409502766 0.0163872881749867
-1.65957991478518 0.936863880475418 0.0149170047602906
-1.66135904674523 0.935980583216417 0.0149204398760305
-1.66669246849495 0.90579938276611 0.0232240676542842
-1.7104101327786 0.931381891404139 0.00170637580090805
-1.71923999569853 0.960126256198956 -0.0104880894033222
-1.72142297186144 0.957145918016371 -0.0104879863454191
-1.64656004319551 0.925507499707396 0.0276190302865634
-1.66106001099319 0.900003027351013 0.0358462197698957
-1.69060624005906 0.913600534548019 0.0202969273652277
-1.70979177767155 0.939569707337862 0.00268461389060249
-1.6923688273038 0.959083049651003 0.00462877963643219
-1.65275843398444 0.932691184806085 0.0275215706900868
-1.65847322981429 0.907543279380657 0.0465682267351795
-1.65899333906123 0.906783187876016 0.046539584098212
-1.71325418441085 0.937700146829943 0.0148854528450149
-1.71422726096286 0.951358138722247 0.00512204598626484
-1.69799072886938 0.957841670425163 0.016382917708978
-1.67888815766537 0.919461474387817 0.0426868728101907
-1.6919715724484 0.898175839791153 0.0525844918023527
-1.71660141521164 0.913208806020267 0.0359128006981224
-1.71685941475206 0.936338572413617 0.0144221718018874
-1.71558907808868 0.936921549419574 0.0144169404876539
-1.72258085795477 0.935453781792748 0.0144107128183488
-1.68677321825611 0.927316976662972 0.0256430008406406
-1.67506874618108 0.905614146388956 0.0397033964453499
-1.6860736643366 0.890167787325614 0.0368753274918479
-1.70756149446065 0.926989305521727 0.0158479422471112
-1.71834156213396 0.949825353865103 0.00366041386121567
-1.70528084852997 0.946910815064463 0.0115018306067287
-1.69465745493936 0.915136700708284 0.028526407209487
-1.68598682291342 0.896403873328412 0.0417101777943829
-1.69319409790892 0.892240819027656 0.0418198965974247
-1.69358641326419 0.894596932795242 0.0417985869489452
-1.7233241565899 0.955468675228586 0.00170808823760056
-1.70270172402818 0.931635138182109 0.0188301324433885
-1.67984843987222 0.897536844615309 0.0368041752362525
-1.68138569305406 0.896321102578599 0.0310411366191816
-1.70173065636911 0.92728803877768 0.00706739017015002
-1.72412601040359 0.9476457587344 -0.0129437165184082
-1.71675175563791 0.946575099288054 -0.00902823665777274
-1.68513812992369 0.912983532146984 0.0148950421170628
-1.66153597245798 0.89036091147605 0.0270340763504516
-1.67659291768245 0.908349499590239 0.0129210120724783
-1.70506065497162 0.938800190547 -0.0109904180374264
-1.71076548939857 0.939249877176233 -0.0109922056868834
-1.7186655183718 0.95400666252388 -0.0148631663215518
-1.70114415062284 0.933059294698069 0.00365415983541501
-1.69687182342524 0.93354705649724 0.00366878642449802
-1.66843498437915 0.909250819968497 0.0227024475222406
-1.6951284137701 0.935498771776661 -0.00170648450537474
-1.7139104622584 0.955983099293709 -0.0236386766723931
-1.71156232017503 0.942527109707988 -0.0153850919673142
-1.6836526551036 0.926125091274679 0.00609697266379317
-1.66100165277567 0.913802174487128 0.0192832159188306
-1.65862734596123 0.910282147193475 0.0192953414617586
-1.69624253697214 0.93465144975572 -0.00902208214870685
-1.70455297130711 0.940725010628879 -0.016334733945474
-1.69143123178616 0.930160213143827 -0.00220256471213843
-1.65367264244119 0.916092083051306 0.0148916081515003
-1.6514008941682 0.916996723495082 0.0178458353436915
-1.67367873699501 0.923897641634638 0.00219638247988267
-1.70840337368563 0.945563633011019 -0.0153616414664475
-1.71476319649077 0.954293327833759 -0.0109623896820555
-1.67386212833033 0.934309487680194 0.010486001631821
-1.65334774667759 0.920281978886583 0.0300429914751087
-1.66021650222731 0.917641986232125 0.0252007570066337
-1.69354463681548 0.933936527000863 0.00511791582542762
-1.69484092453036 0.933552596823417 0.00514027068058289
-1.69697317930784 0.933660520166277 0.00513692537764947
-1.68821280999113 0.946541983421804 -0.00171129484651816
-1.68930485861322 0.943113465048749 -0.00170765734933378
-1.64009009885201 0.908925593662257 0.0304916396980786
-1.68089726503587 0.912560439774003 0.0173259476638526
-1.71610086102531 0.939280255752948 -0.00511976875522033
-1.71377283075343 0.948301783557833 -0.0109655106601897
-1.68115830873137 0.938567027827509 0.00610988723751284
-1.65205054159102 0.923840951888191 0.0232259614253497
-1.66176872321404 0.909951610261936 0.0236438834391788
-1.70187045996286 0.927255030317294 0.00366563810872886
-1.7261964672067 0.945239680986767 -0.0100106563400018
-1.69858443947297 0.95456317946773 -0.00366172157195293
-1.65834496559931 0.927081182151939 0.0192904884012586
-1.64610812164362 0.913047817917567 0.030533793186322
-1.68077173361928 0.91134718634479 0.0193023978491525
-1.71165194021816 0.937213757257423 -0.0021950325855801
-1.71053295485235 0.947208320194654 -0.00804472451090987
-1.6668350650583 0.943203190170087 0.0114915747115415
-1.6541757875071 0.923042033686243 0.0324035786212624
-1.66818582994558 0.906366469574045 0.0305418060497206
-1.7079032418028 0.917536403551126 0.0158844651869683
-1.72858292033558 0.938086933736747 0.00463484833786943
-1.72708257313507 0.940909805275077 0.00463517192258956
-1.69290421824316 0.954973778672765 0.00952421113556538
-1.69471324799251 0.95237897394559 0.00953968332454489
-1.65691435799723 0.907516452343732 0.0418293857211714
-1.69077415593469 0.898509354723106 0.033369579957024
-1.71955238520174 0.926555454786421 0.0134314326495229
-1.71806471580628 0.927301574814394 0.013423204175996
-1.68425061578031 0.955126984276248 0.0212148256990899
-1.67443831167176 0.917200205484666 0.0394016599584874
-1.67417914356655 0.908026003738662 0.0472291441185047
-1.71453388830044 0.90896103138605 0.0310810923304138
-1.72504933908296 0.951622102846575 0.0109680496816717
-1.70129003725132 0.950925925633638 0.010999304621112
-1.68731674338234 0.94625827264174 0.0295018864319466
-1.6723485926337 0.895519334705399 0.0456852440613245
-1.69071999909303 0.903825798065854 0.0398206297095655
-1.7164275054588 0.923487858916978 0.0163859669772931
-1.71460643129552 0.955803018899069 -0.000244544407974454
-1.71510588286188 0.957582615708296 -0.000244456744664838
-1.68087139537238 0.916248194537592 0.0295974405240238
-1.68231806322324 0.898574148205415 0.0442585569868458
-1.71341640018681 0.905985012814645 0.0286151788462781
-1.72161231067998 0.948164456153483 0.0051390539518387
-1.72293824121768 0.950198377976063 0.00511632751156559
-1.71551540497275 0.946618600827499 -0.00170701238549048
-1.69065663695837 0.928375374746603 0.0158885426700687
-1.67785115400601 0.895457984772545 0.0358734423458088
-1.69005851512831 0.90174751411744 0.0305829715179713
-1.70859337046856 0.925692909361046 0.00903556591968258
-1.71234448855772 0.95728488767145 -0.0119741556604974
-1.7042193841508 0.934846157320799 -0.00366735138145741
-1.69152408496808 0.912176750175606 0.0192945847242341
-1.67716880937309 0.894269248063336 0.0256464791671566
-1.68197592927592 0.923464172346819 0.00806849163738105
-1.70366103655189 0.939657246522393 -0.0124610972694055
-1.7059608487571 0.94708692979681 -0.0159025619846248
-1.70072315568767 0.927995761499939 0.00171032129075525
-1.67968284116321 0.900952734935096 0.0168849063876071
-1.66392090001059 0.912887904219844 0.0129706157679195
-1.68797855334936 0.93224904531691 -0.00755874422717152
-1.71504882607155 0.952208108251075 -0.0227133298631219
-1.7042962928644 0.939473899087246 -0.0168399744925869
-1.68625623664373 0.917949330089116 0.00414176134052715
-1.65629373862305 0.91309194360341 0.0134344109676946
-1.66655324981376 0.921648052614043 0.00462739594572568
-1.66391254046665 0.920277436874022 0.00464357921390768
-1.66776640604549 0.921130648095095 0.004629475982259
-1.66652026229502 0.918743142627122 0.00464462830803195
-1.69915278821499 0.928702574519734 -0.00268063462050071
-1.65538421840526 0.915986017651759 0.01390880795962
-1.64808077823085 0.918450595550701 0.0173229563506325
-1.68181624007382 0.928728305953207 0.00170996490471598
-1.72035526389205 0.938785097556213 -0.0109653895816665
-1.70795686860007 0.942207313090532 -0.00758228420818571
-1.70749881374778 0.942035063012126 -0.00755513227389244
-1.65360915515369 0.923541046360147 0.0256849043026869
-1.66753900282447 0.918023459452105 0.020259018405836
-1.7121905325893 0.933081621627217 0.00317454086972883
-1.71847489738053 0.946298890321504 -0.00903485616145461
-1.67860058650296 0.947481392729525 0.00121800038061973
-1.65004220531132 0.920661211978336 0.019775793563947
-1.64933214369696 0.911507971875823 0.0227406797394303
-1.69174205717976 0.911642125187996 0.010482099366745
-1.71645350030605 0.942011762864539 -0.00414075060965522
-1.69675330122812 0.94798266159027 -0.0046362899053336
-1.66686246187962 0.945943960715298 0.0104895885391464
-1.65391189487963 0.916717933722603 0.0251697527233824
-1.67037105635685 0.91244956500338 0.0217777216683969
-1.72044445847379 0.92838196584876 0.00758634198661208
-1.71163316707907 0.949265918772822 -0.00268475063323022
-1.71625741281124 0.947231392853757 -0.00269170044770225
-1.68932901513381 0.954241537983083 0.00707860603684369
-1.66749697158674 0.922762620880708 0.0237154670249314
-1.65871807863231 0.908724420341979 0.0256479644665889
-1.69994677388032 0.914579443526156 0.0114541523703425
-1.72019964501811 0.938007279888781 -0.00611440504324086
-1.69994766139259 0.947926958878494 -0.00366815956861299
-1.66402370544982 0.936615332202864 0.0134439499806057
-1.65862120305642 0.910925211432627 0.0333701435452799
-1.67434127173866 0.90435629757052 0.0295923167303993
-1.70949270486892 0.921675311611979 0.0124465686824656
-1.71551913564724 0.94996670063692 0.0026911785273339
-1.6909520229261 0.948985090366032 0.0124430281018221
-1.67089803226129 0.933699672375091 0.0334631752008551
-1.66806020298592 0.906630704043712 0.0388516484355232
-1.69291715554093 0.917028992476933 0.0281253462318949
-1.7076275649833 0.933964848061319 0.012952352680951
-1.70692715900964 0.950070772845098 0.00954010809513177
-1.6764854919556 0.946907359713795 0.0242050868823043
-1.66940554972832 0.913195525156315 0.0383986849635363
-1.6793135745533 0.909009215062079 0.040286369958312
-1.70659816344568 0.914994331507516 0.0232158126283064
-1.72693761879534 0.953675300296248 0.00951312575033549
-1.72804225899257 0.954278165162038 0.00950586269554186
-1.70223534717908 0.948657832362794 0.0144035552989371
-1.67891666963146 0.931150245532044 0.033933656842317
-1.67856429098615 0.904292619090744 0.0480689964862797
-1.69228551204683 0.908987964933443 0.0358840437929294
-1.71889671919336 0.933074781202613 0.0158717525435783
-1.72131679553592 0.949701189499089 0.0075524548060965
-1.69987559144452 0.938155411705103 0.0203136016344546
-1.6766491894003 0.915318709103478 0.0387434529996458
-1.68491124762127 0.900144621709792 0.042684237257305
-1.70037847954625 0.922996687035909 0.0222521638319317
-1.72327818396845 0.934384057890694 0.00464279865286012
-1.71955003814393 0.940413832123995 0.00464955193612825
-1.68996123172586 0.921035290241688 0.0246953057253967
-1.68119026623688 0.905172964326625 0.0359475375793984
-1.68028432366608 0.907602941307146 0.0285005936623529
-1.71910600084759 0.922952568041219 0.00463778936948981
-1.7177984549586 0.940644344407303 -0.00756762966761075
-1.70689267605842 0.929945015950059 0.00220098352719269
-1.67762866838902 0.913271364023552 0.0212399766018725
-1.68345827455641 0.903319515886377 0.0265851227725712
-1.69572034010084 0.922377387151389 0.00903259420438046
-1.71716330251619 0.937542603180457 -0.0100326628279467
-1.71700254274153 0.943663399335164 -0.0100031763076206
-1.71141812582626 0.94388604637188 -0.010030362985247
-1.67981867142972 0.931179896539639 0.00464848231681874
-1.67118294462592 0.90565114288722 0.0154099111738156
-1.67243091442762 0.90727963527624 0.0109943285928233
