"X" "Y" "Z"
-0.0696149158629631 1.97623085194875 -0.01345838034046
-0.0637255709650456 1.9690329821816 -0.0100186517359365
-0.0636542576380398 1.97383457055772 -0.0100008560993451
-0.065745688661838 1.96139699650987 -0.0129571720477579
-0.068629769881922 1.96569729963232 -0.0178561497893747
-0.065197961790759 1.96282239999843 -0.0163687901516624
-0.0559568694105476 1.95499909239297 -0.0144031725244115
-0.0525263193130101 1.95198339972911 -0.0124217069767435
-0.0559212523725562 1.9533043292273 -0.0134311687042596
-0.0623752971571585 1.96804842373704 -0.0168811105164174
-0.0606746939139089 1.97437881404975 -0.0153780294622224
-0.0553506503488851 1.96978227222242 -0.0105119209838622
-0.0515689972577045 1.95424321308597 -0.00511840375864144
-0.0554473682666713 1.95367136277219 -0.00414839565589832
-0.0553928135367004 1.95342683288821 -0.00415335099635721
-0.0553413513848597 1.96047107094494 -0.00756213979016822
-0.0560069163870422 1.96219380610078 -0.0114595829660649
-0.0549261015123219 1.9612252143119 -0.0124765446278411
-0.0534740171148762 1.95265690477057 -0.0104755830960068
-0.0510941595044627 1.94750932162542 -0.00658787649537757
-0.0560152819987457 1.95699572659857 -0.0105024188733776
-0.0554201646316217 1.96604003988312 -0.0154077222499848
-0.0563411123915907 1.96257969179193 -0.0182956452411536
-0.0563826808152741 1.95667582930079 -0.0148828190860498
-0.0513874530358149 1.95836702033418 -0.0065790016766233
-0.0499582085424543 1.95659725587519 -0.0104895858992765
-0.0525264655727851 1.95870758597963 -0.0193163256194004
-0.056028548942661 1.96373002924615 -0.0212106484504356
-0.0583830508393041 1.96634290714745 -0.0207279710691307
-0.0593871092994276 1.95815638953188 -0.0173093005853997
-0.0540078593714479 1.96436178492731 -0.0183014830352376
-0.052590300892037 1.96767609975784 -0.0197880395906069
-0.0548881441873485 1.97299934064479 -0.019272587277314
-0.0629012429874063 1.97780653591418 -0.0183028032368536
-0.0661181956687319 1.96915262560211 -0.0138847567827633
-0.0636464205284236 1.96830315354514 -0.0114685692530306
-0.0637310786952091 1.95936941458555 -0.0105166651870542
-0.0670617796435605 1.96426805552452 -0.0158972209852444
-0.0700110911586862 1.96201751829063 -0.0193291747027292
-0.0715849440660832 1.96123395496106 -0.0192865684010012
-0.0651031950465987 1.95674326822563 -0.0183091490308562
-0.0637377315660568 1.95355270316856 -0.0212504401025409
-0.0636002200705288 1.9529097868304 -0.0212825013667768
-0.0684511078872982 1.95298921992436 -0.0256696117614121
-0.0655706955344353 1.96400808783758 -0.0275734255233258
-0.0656657070989137 1.96881274220769 -0.0275941689924593
-0.0549922922265774 1.98432150601613 -0.0260676521093206
-0.0518779682210088 1.98954012241952 -0.0265500585853086
-0.053388664607714 1.98604784163457 -0.0227280182824613
-0.054872846645364 1.97843945809096 -0.0202778003153097
-0.0569820987498697 1.97903157750561 -0.0256102002747288
-0.0580037524435636 1.97169012661619 -0.0280829033118859
-0.0588304480901282 1.9646260570255 -0.0255912124841085
-0.060275049526516 1.95751346807572 -0.0222439984665377
-0.0628310337377163 1.95648064899612 -0.0217272964489336
-0.0602052286672512 1.96050498086034 -0.0256581066265011
-0.0677055778291859 1.96068437739513 -0.0294942001946347
-0.0707138940495961 1.96423877544654 -0.0290688280519393
-0.0707316667221572 1.96833563273438 -0.0222644598621247
-0.0614233084083447 1.96529617968558 -0.0192645343374317
-0.0601921257146404 1.96316510296117 -0.0217217863654397
-0.0685894517157187 1.96808348206153 -0.0270540786606787
-0.0754755680370107 1.97361488323346 -0.0286064957535856
-0.0769122945149378 1.97529975150964 -0.0260629898567756
-0.0708742595997771 1.97541388770359 -0.0251652006513423
-0.0652743527190029 1.97350805696112 -0.0232130833213472
-0.065593554506826 1.97310317436435 -0.0202336707502847
-0.0765784454472441 1.98083851506839 -0.021289172516534
-0.0809877677305747 1.97517794034334 -0.0198153195013656
-0.077874196048397 1.97051623932109 -0.0129549115558798
-0.0778323489293963 1.96806793675787 -0.0129386037748172
-0.0777449632953917 1.96964301368781 -0.0129366558792041
-0.0728254285953857 1.96720138287551 -0.0129324806537056
-0.0764013247128121 1.97416290305455 -0.0139229725479749
-0.0777076251106881 1.97688703786594 -0.0163338222926433
-0.0779353418128102 1.97868890618657 -0.0163782996213733
-0.0684752268765425 1.96890010849634 -0.0143738993493974
-0.073036761321798 1.96664980596802 -0.014423098359456
-0.085146876998104 1.97094704888411 -0.0232392438856378
-0.0834402174512664 1.98249330424156 -0.0265787874148862
-0.074926181817595 1.97938612351605 -0.0227134826430733
-0.0672168401002556 1.98280094616313 -0.0168660577301974
-0.0651252603678204 1.9763129523605 -0.0153792146438355
-0.0696375997936906 1.96525568670563 -0.016392563314753
-0.0729601723101642 1.96733747543762 -0.0173725798741547
-0.0740892796110427 1.95746499642105 -0.0143992153279635
-0.0745056430073983 1.95689467178923 -0.0168419036097867
-0.070466903453494 1.95563911584391 -0.0177896607882389
-0.0635709597922372 1.95373999638123 -0.0134443841907977
-0.0545301126635921 1.95331233065246 -0.0158591581544077
-0.0544482991278992 1.95810219660532 -0.015860157830058
-0.0519718517621617 1.96844060729106 -0.0193263100411902
-0.0582796352386102 1.97214909362284 -0.0183251738836522
-0.0583997972481537 1.96450535791849 -0.0134399535701714
-0.0481426130712127 1.96437719267952 -0.00707986812794614
-0.0461704578408358 1.96605682643073 -0.00660657315367006
-0.0457142088705333 1.96382654081578 -0.0129227031936037
-0.0573611072714001 1.96072458145586 -0.0105153227419414
-0.0598517769077811 1.95292217128465 -0.00950115628765201
-0.0599026886004023 1.95171297234888 -0.00951402501956295
-0.0598036560387942 1.96037284570136 -0.00954356924474481
-0.0530783761091499 1.95405585827288 -0.0095135639242537
-0.0563829495260836 1.95315906716581 -0.0139088074966949
-0.0599225158591598 1.96147361801294 -0.0163499456741719
-0.0582800140577102 1.95812762852596 -0.0134054540206734
-0.0543882919799484 1.95636209765204 -0.00999877842057998
-0.0588106069798696 1.95273000077156 -0.0100264351077127
-0.0587122031773659 1.94976368824233 -0.0100210674999336
-0.0642906064475578 1.95367612524541 -0.0163662677958687
-0.0603448428057225 1.96481304104021 -0.016360623028415
-0.0553893075966106 1.95678354622521 -0.0134240553947308
-0.0574295103267256 1.95362748953025 -0.0134345095614171
-0.0594616483189999 1.95851536409815 -0.0154203989588287
-0.0641295454215358 1.95625182979864 -0.0188127338785501
-0.0616755896143683 1.96387858678894 -0.0217467384876037
-0.0578829576682053 1.96774943263008 -0.0163921678029519
-0.0534664006668243 1.9674548952831 -0.0124701188197824
-0.0559006662085426 1.96496422780723 -0.0100036673169851
-0.0612487828914981 1.96079786692832 -0.0114596939280101
-0.0646659688302982 1.95911865077471 -0.0119733152302158
-0.0621225044276414 1.95584815979767 -0.0144270117110854
-0.0607784016498965 1.96332987538168 -0.0134460838040201
-0.0606895080558042 1.95481965704084 -0.0134396206361178
-0.0632898490582987 1.95209899584082 -0.0188410771250087
-0.0638105522954075 1.96512971652019 -0.0202795388378052
-0.0636164256121455 1.96122760761289 -0.0203091735536366
-0.0631503662234017 1.97409807169885 -0.0255731246052952
-0.0604367218766124 1.96864561620071 -0.022165290309842
-0.0603877814204041 1.97558201196138 -0.0222491569377129
-0.0568043391455393 1.96868242088732 -0.0182669057274665
-0.0583011482832319 1.96781345005744 -0.0168143597299382
-0.0582936743175382 1.97263283367339 -0.0216822241841041
-0.0583891307111266 1.97239128423209 -0.0217539825742132
-0.0607248766129149 1.97529496105223 -0.0236506836633425
-0.0618631235308878 1.96750120527486 -0.0197375794321465
-0.0572647348720687 1.9676394521993 -0.0222528561584377
-0.0564638703124572 1.97311023464637 -0.0241389243685184
-0.0543738091461237 1.96754632266708 -0.0276536084885618
-0.0628049134798925 1.96907234588827 -0.0300443286690664
-0.0652500281714755 1.96102905831559 -0.0202631019984844
-0.0638114937469081 1.95963242669947 -0.0163792661671187
-0.0671545863327332 1.97416195305457 -0.0221933372938542
-0.0670844600182438 1.97123491960859 -0.0222622944772356
-0.0642640927628017 1.98441752819703 -0.0237186471917271
-0.0638513447776849 1.96918352525699 -0.0173670576548722
-0.0627824227735952 1.9717103706691 -0.0148674886385878
-0.0686636166135582 1.96728989610016 -0.0222412430677424
-0.0756238965930119 1.95739891178222 -0.0291085294742554
-0.0824354654787464 1.96187405713984 -0.029990055816086
-0.0822288182877031 1.9638349277182 -0.0299873340129216
-0.0672905015140599 1.97161120619286 -0.0154194184981168
-0.0661957132678808 1.96587677686888 -0.00952131595366575
-0.0675339465367222 1.95850944964203 -0.0095025971888138
-0.0799834131182805 1.95923444036521 -0.00953903516515048
-0.080694783725542 1.97012219661578 -0.0110091219583767
-0.0808877461721911 1.96147906013682 -0.0109921571585894
-0.0725726570595177 1.96495351021668 -0.0143716166680597
-0.0725884584081072 1.96105253392325 -0.0144021731432863
-0.0743442493689714 1.9592270085248 -0.0178340391540478
-0.0755651165581293 1.97294879447503 -0.0197582028379612
-0.0706465329467036 1.97783110006775 -0.0207303189248275
-0.0670199120766479 1.98722215824751 -0.0242278550629753
-0.0655441357794235 1.98958093300147 -0.024151021551653
-0.0657142379924749 1.9875761286747 -0.0241543435223445
-0.0676109702809976 1.96632927871948 -0.0139016497872187
-0.0662992339806389 1.96286897280649 -0.0134218910974968
-0.0661005276737803 1.96995877179145 -0.0168200935840586
-0.0700983473382847 1.96954210025409 -0.0202594853084172
-0.0750094998593937 1.95557090448883 -0.0202878212974303
-0.0734843699192444 1.9505606396507 -0.0124341331778846
-0.069924218864054 1.94930071699088 -0.0143722363305944
-0.0660834256282732 1.95921186974969 -0.0217538037684096
-0.0642171660501561 1.96472158395035 -0.0241322310664985
-0.0622076769865856 1.97326000620189 -0.0236626126985367
-0.0641209667737377 1.96399862274689 -0.0144306528621504
-0.0612125874452077 1.96092696572598 -0.0114517906612369
-0.0583665715346739 1.96826084495086 -0.0119718767108836
-0.0563164616138597 1.96871035989816 -0.0148990907770739
-0.0582223498716214 1.97293396170607 -0.0134460666307123
-0.0558915623665125 1.96202617601846 -0.00998754359272503
-0.0528633973575849 1.95565479562849 -0.00609274385584403
-0.0577944043677284 1.9483712910873 -0.00659302254342429
-0.0667750486736033 1.95384712965276 -0.010487691208767
-0.0665357187188965 1.95898206559519 -0.0124525232499691
-0.0574761747289651 1.96415250506197 -0.0109666507350353
-0.0573633024916945 1.96125284458495 -0.010994792686153
-0.0572634744913453 1.96109837974785 -0.0110011380893546
-0.0500600239291061 1.95531534686332 -0.00901446754460899
-0.0501089355447711 1.95230072507327 -0.00902809021807329
-0.0633842682496942 1.95445304966432 -0.013396524385719
-0.060894328118204 1.95988619988032 -0.0129376647252287
-0.0519847205786072 1.96043284493773 -0.0119927198558675
-0.05236733067348 1.95689368519941 -0.0109611121289193
-0.0597980554381349 1.95677017244767 -0.0139028592538894
-0.0680339925029925 1.95832401870896 -0.0168538523999531
-0.0680528482602908 1.96043235935569 -0.0168271990815957
-0.0553977342614522 1.97319748990494 -0.0187781477193306
-0.0525801416015456 1.96539129265721 -0.0153832634273451
-0.0579099027499208 1.95690225092844 -0.0105176611737386
-0.0603539330903523 1.95284975973946 -0.0119649168294018
-0.0632833262054752 1.95921332891408 -0.0168700476494481
-0.0597868249130352 1.9622669052858 -0.0192408774647946
-0.0587930292781944 1.96839761187621 -0.0202528852732673
-0.0623914630003643 1.95993497168038 -0.0139064059563961
-0.0641575440956166 1.94962758144005 -0.0134540982743817
-0.0652532432581113 1.95863852625338 -0.0178030756047044
-0.0648464976468076 1.97403058098203 -0.0231504419100505
-0.0645750428174419 1.97880629985324 -0.0270357406866258
-0.0612024586250238 1.97085125717913 -0.0207008139017452
-0.0579847554477951 1.96021610943296 -0.0134215309144003
-0.0616487700494376 1.962307428362 -0.0163536316813428
-0.0684457312243719 1.97325285988314 -0.0222305628705342
-0.0680367745035744 1.97406266192277 -0.0256922000965275
-0.0583451197053063 1.9780213838059 -0.019739173829172
-0.0582065954479039 1.97970728466373 -0.0197914360873054
-0.047516350992736 1.97676464931807 -0.0148819480171598
-0.0447251038684642 1.96850781194425 -0.0124580211434184
-0.0550453568791336 1.96146490699942 -0.0216885584172928
-0.0665146885711676 1.96333060092756 -0.031504169826389
-0.0676703260749542 1.97104370137066 -0.0358558941948639
-0.0535611616105993 1.97581340125974 -0.0280666926767881
-0.0534050883112244 1.97033800390723 -0.0280933482412151
-0.0539398745572179 1.96492749316926 -0.0202397220741978
-0.0674978051285103 1.96146421532223 -0.0266406148310803
-0.0731281487682473 1.97359417771754 -0.0305919752157192
-0.0640890352776249 1.98145195592304 -0.0266449492206259
-0.0534490688472351 1.97072378462592 -0.0192736221176497
-0.0539839341301752 1.96052356302007 -0.0143961905416634
-0.0647369850586675 1.96095145089849 -0.0188254900330813
-0.0723807413276944 1.96943415413472 -0.0271518695889787
-0.0700790952959665 1.97907478831482 -0.0305174576809563
-0.0637249401529454 1.97154396713781 -0.0241961300250474
-0.0583796075549276 1.9743244036083 -0.018310767186891
-0.0623688817673856 1.96377379027648 -0.0134481251064031
-0.0710732230885393 1.96376477073355 -0.0109883844247118
-0.0729882859976729 1.96862523120419 -0.0173270132211165
-0.0726465585229836 1.97780698193695 -0.0211984707237926
-0.072511756677271 1.97506739331002 -0.016390444689661
-0.072586280952862 1.97315639229954 -0.0163259652658308
-0.0760860984560846 1.95740113866729 -0.0114789699669756
-0.0739370197572915 1.96908701883289 -0.0177776802837276
-0.0750087698526796 1.97744890963974 -0.0260907035519852
-0.0726653567066934 1.98064843746891 -0.0266313094866151
-0.0725172160374275 1.98337799804894 -0.0266740248185427
-0.0716441109094101 1.97938757749796 -0.018355002850038
-0.0715564975703366 1.97593274758284 -0.018351413257854
-0.0734453268433121 1.9685836274394 -0.0144095066698176
-0.0762613644436797 1.9804887357263 -0.0207378196858517
-0.0734835822206119 1.97618483998309 -0.0261607354115887
-0.0695648657282726 1.97178834408991 -0.0168524391031016
-0.0670086544452476 1.953434524425 -0.00951212829611414
-0.0710939977003143 1.94616027425835 -0.0110043521195022
-0.0802833502043993 1.95043560532953 -0.0212655339546838
-0.0818487268695692 1.96176839206717 -0.0270707403517831
-0.0817867407432309 1.9563182894601 -0.0271088565740809
-0.0599409602418256 1.97229888830483 -0.0193148435046103
-0.0559382296670544 1.96721503535991 -0.0124317070569294
-0.0656062199766002 1.96474649091349 -0.0148628945793682
-0.0733160697489946 1.96897893576305 -0.0193178837317796
-0.0687425161822283 1.97845167381901 -0.0197793900253618
-0.0519000598685728 1.96896452452764 -0.0114699117704484
-0.0457029273384272 1.96647495818541 -0.00414206516801234
-0.0533699530864217 1.96219288998047 -0.00561358318399156
-0.0695487868588413 1.95616632932028 -0.010981852809413
-0.0690345672416973 1.95417608408001 -0.0148564092378358
-0.0597409338760955 1.96157852761962 -0.0143935713055194
-0.0486114742692405 1.96194044025352 -0.0119683628063792
-0.0491303070079962 1.95565749317433 -0.00804239126446506
-0.0491362157725952 1.955948999274 -0.00806604125344096
-0.0651633632843058 1.94689004070987 -0.0100290952549838
-0.0592619640173585 1.95764036821661 -0.0124699768244428
-0.0594101585389262 1.96305965667579 -0.0124256863678747
-0.0592815277616333 1.9583643839538 -0.012457585179097
-0.0475364842412484 1.9608006278903 -0.0133958767697638
-0.0563528432314958 1.95912032779845 -0.0114972027056197
-0.0652716460539522 1.96063408533992 -0.0124543654362872
-0.0646174132005598 1.96437180845137 -0.0207218790624346
-0.0534552563548453 1.97101601351676 -0.025180210561627
-0.0495035529079012 1.97328819749278 -0.0211878978345604
-0.0506330373154591 1.96514324286947 -0.0129420693761886
-0.059339852020426 1.95184276615006 -0.00952611694829242
-0.0646292826808755 1.96188413128633 -0.0153781660016656
-0.0656435462593031 1.9667595078039 -0.0227407729656895
-0.0577243566208089 1.97321636771171 -0.0178207529884428
-0.0457251694860058 1.96648206696374 -0.0090477303960476
-0.0445985404537658 1.96331837297589 -0.00608975465083206
-0.0526129129856136 1.95811210472053 -0.0124785268474168
-0.0641249312738911 1.9699646758469 -0.0217023500496749
-0.0716379468358208 1.97016872517418 -0.025666360869819
-0.0647895448243383 1.97029949651289 -0.0236770791487839
-0.0520585440714115 1.96641852723507 -0.0163778244867342
-0.0500588581935605 1.96464952755096 -0.0129236699158867
-0.0612265938523348 1.96549543046627 -0.0188334594894457
-0.0743989087406388 1.96499099138392 -0.0241768777619145
-0.0729110563692788 1.96858413142054 -0.0222575346399253
-0.0603158742727729 1.96968253798169 -0.0154179209170041
-0.0494835826578835 1.95758991761849 -0.0134534390670198
-0.0509290168591707 1.95650782824785 -0.0177780629902944
-0.06179530971234 1.95542707340981 -0.0222528335215893
-0.0692315361011302 1.96481615823865 -0.0271185408124091
-0.069205898268696 1.9618438829426 -0.0271042162736711
-0.0692192840469425 1.9681540055081 -0.0270763811015195
-0.0485281310884905 1.97983511616693 -0.0290543304902445
-0.0452419446803985 1.96689730992404 -0.0237342367846222
-0.052387981210532 1.960582498379 -0.0207270724965817
-0.0611719065322884 1.96344185957331 -0.0246802720228229
-0.0611430288775809 1.97559437233178 -0.0275640188623252
-0.0579677851088643 1.97885258630418 -0.0236392144254263
-0.0530865677334338 1.9670997712174 -0.0183478947782868
-0.0577379342270603 1.96166476310286 -0.0182918125493198
-0.0642552243915218 1.97039853936566 -0.0197294504741116
-0.0656333395933456 1.97673311353772 -0.0256392048374666
-0.0604532863007576 1.98241725610487 -0.0276071881624333
-0.0545158829659356 1.96822350096166 -0.0217338384905495
-0.0577932983979048 1.95948618064508 -0.0144341287219989
-0.0696477234103095 1.95676431640727 -0.0154050653058471
-0.0797557743866837 1.96761888924499 -0.0232125876655462
-0.0837836341764446 1.97365765974031 -0.0276479595533892
-0.0718588447405979 1.98013733388057 -0.0217679840335919
-0.06211702663595 1.96635873212724 -0.00950376171582285
-0.0631071546001543 1.95561854881261 -0.00414958022308134
-0.0798108419579141 1.95896903809891 -0.0139202267498967
-0.0948290431670821 1.97322311527556 -0.0261194594675792
-0.0881615768063955 1.98174557890983 -0.0260594584764607
-0.0880400204289312 1.97721495319155 -0.0261645423970321
-0.0552863976713997 1.97169555179862 -0.00560350973325128
-0.0692623284571238 1.97299213655774 -0.0100005827263077
-0.0825808120438832 1.97749888880167 -0.0202653039764373
-0.0817634097822064 1.98912073686506 -0.026111350443792
-0.0819467141306003 1.98687428755594 -0.026090067874225
-0.0694167114860266 1.98373095267206 -0.0178112507373397
-0.069412559602992 1.97909653513952 -0.0178284458718043
-0.0694366356706647 1.97927697834978 -0.0178073268424103
-0.0692452263461701 1.95337711569537 -0.0114803078890815
-0.0822326772782399 1.96662814879617 -0.0241715160996677
-0.0779602235108003 1.97149892436571 -0.0260731603755265
-0.0778260296970029 1.97425218035335 -0.026105259483442
-0.0573819003236348 1.96435074105346 -0.0148960842196733
-0.067177016854673 1.96496944604005 -0.0154158744189892
-0.0773835449518836 1.96116005197482 -0.0183256068147489
-0.0753386780733587 1.97022087489757 -0.0197725453132331
-0.0755030826327733 1.97185817715236 -0.0197651459667364
-0.0569551194416093 1.96704631883259 -0.0139347917176938
-0.064150372259789 1.95152754623748 -0.0119414948710448
-0.0704417793965106 1.94361485916702 -0.0139118925911936
-0.0734247639369958 1.9583948089479 -0.0173567397192208
-0.0641595535785651 1.96807467621303 -0.0246959891388111
-0.054057046493735 1.9688397714897 -0.0212138386619744
-0.0519914278091369 1.96644324965121 -0.0119690493738252
-0.0611320432405474 1.94903231232045 -0.00657946255883805
-0.0694216182772178 1.94673528378084 -0.0105221398923069
-0.0675874222155304 1.95796124920022 -0.0172911832737572
-0.0563866843731455 1.96850898392158 -0.0168324110164419
-0.045127310505963 1.96062270075346 -0.00954189675802248
-0.0462347506758262 1.96062670119357 -0.00414022053263144
-0.0589776555143742 1.95578418066357 -0.0080587858697896
-0.0662263630963373 1.95598381917688 -0.0163650439300827
-0.0670355332623383 1.97150283861708 -0.0232453207632849
-0.0672696829262128 1.96671010037471 -0.0231766094739331
-0.0564774405413108 1.97563409793568 -0.0198166366537043
-0.0456274284030146 1.96316522819061 -0.0134247772256499
-0.0466923240705936 1.96209390120433 -0.00805602812711451
-0.0587234660793897 1.9567756922095 -0.013450911349266
-0.0729517640543857 1.96714194383829 -0.0203058055044124
-0.0691931113701485 1.96395379585679 -0.0177828517045041
-0.0554997897871143 1.96627722996978 -0.00855602401189698
-0.0431896261113041 1.95257527955849 -0.00317118113540903
-0.0476259095588344 1.95222443250004 -0.00512609179991589
-0.0638054529052347 1.95687702227698 -0.0173096791331988
-0.0728561273921758 1.96395062746157 -0.0217064564730909
-0.0655855737289619 1.96831038730854 -0.0222376206339156
-0.0515824647939672 1.97052132509219 -0.0202884227010356
-0.0515905419436251 1.97274930405509 -0.020309591942299
-0.0540607285302782 1.96789115191652 -0.0110015755475448
-0.0613177335037483 1.9738474995155 -0.0129305028233663
-0.0642379560037068 1.97493177531626 -0.018343333048748
-0.0593904905506249 1.96986076905849 -0.0163858940231045
-0.04947990606932 1.96292228968776 -0.0119438540222428
-0.0534897635524979 1.95645268743141 -0.0100111952626602
-0.0632993363832926 1.94983395036637 -0.0119866892393112
-0.0656414592126075 1.95886248627888 -0.0212584363682271
-0.0584678631211842 1.97250270932176 -0.0290808695525185
-0.0461775021197098 1.97735134786725 -0.0294967417929292
-0.0455621085139138 1.96575237188698 -0.0242106257015048
-0.0529692912367215 1.95853714079868 -0.0217097975073093
-0.0614005155537676 1.96519951884059 -0.0285852119523845
-0.0613650740622457 1.96436018328767 -0.0285461152855482
-0.0645637862111846 1.98404512973688 -0.0338719962805692
-0.0577390701098123 1.99225399024959 -0.0314818403323791
-0.0455574185754928 1.97791708372952 -0.0187826174471495
-0.0422722531162233 1.96346647600236 -0.0105162366803137
-0.0583443689072864 1.94838141161847 -0.0129688985482724
-0.0741216724076035 1.9632909420503 -0.0271415150167615
-0.0781754539894962 1.96659809403428 -0.0338897508287918
-0.0628987973126825 1.96524004490746 -0.0285077444165577
-0.0510369133764256 1.95675801680583 -0.0163524411755238
-0.0550583082577892 1.95810682967202 -0.0139022673510336
-0.0721418514893723 1.96151030873611 -0.022217446770743
-0.0851180979486711 1.9731373358683 -0.0290385276745946
-0.0795004767178972 1.97430986817228 -0.0280384390954942
-0.0607027253341218 1.97269125126235 -0.019316748280922
-0.0539542293769114 1.95836393454498 -0.0085539473035986
-0.0635937238075918 1.95855985347974 -0.0124518150620821
-0.0844268300289033 1.96626317751299 -0.0202200961687603
-0.0861175083758945 1.97820683294487 -0.0275269607327428
-0.0740984553074188 1.98220970833302 -0.0242289671552874
-0.0607312430045832 1.96768637710715 -0.0149138291224461
-0.0647809788455922 1.96126194271001 -0.0163423713159993
-0.083282460746838 1.95998229561185 -0.0168724887206626
-0.0884605076153403 1.97502725729543 -0.0182738833989664
-0.0836926163238343 1.98379758985368 -0.0217194853497087
-0.0687674860740825 1.98107554949339 -0.0187697521237107
-0.0646401934799411 1.96704169180598 -0.00901288726084117
-0.064712695443441 1.96963576276074 -0.009040269411946
-0.0821858075193527 1.95460216581135 -0.0163790158147632
-0.0824164364309015 1.95459688289642 -0.0163270118575546
-0.0862037429719757 1.97341033595815 -0.025589409971529
-0.0738407548067882 1.97858685998534 -0.0286203701146485
-0.0636679158244242 1.97932338845759 -0.0236395425319994
-0.0637338843339941 1.9803135611917 -0.0237401988001515
-0.0782182858420855 1.96469090843326 -0.0163181365390309
-0.0856002580390036 1.97243705744574 -0.0188157751548588
-0.076319323902266 1.97466827947616 -0.0217821610294314
-0.0643527222242405 1.98153895885954 -0.0163468948576431
-0.0596759596907677 1.97329186388715 -0.00904427905637533
-0.0614102707097787 1.95667589508933 -0.00560484079881012
-0.0765588806266875 1.95191551010147 -0.010970830222598
-0.0763063383358692 1.95378902290629 -0.0109889862050293
-0.0687367207902019 1.97236643392711 -0.0187890085368389
-0.0685278219724134 1.96314815024586 -0.0187568547399216
-0.0426261855778897 1.95322406885471 -0.00855923032536725
-0.0568743071433306 1.95636393943821 -0.0100257227595049
-0.073376742362077 1.96423207142282 -0.0187651215558741
-0.0775484438373975 1.97350669396016 -0.0237034555520122
-0.0617853589341559 1.97246158592826 -0.015874707530057
-0.0462360920843849 1.96236531360747 -0.00268122730311479
-0.0456364995214702 1.95309375590254 -0.00121770959186286
-0.0588574062566602 1.9502640734878 -0.0036652697055562
-0.0743711997052109 1.95632884775916 -0.0114863089397349
-0.0745413624198661 1.96096882096172 -0.0178578022600173
-0.0567535181009017 1.96347757980835 -0.0134069508938131
-0.0441160232636141 1.96051581684319 -0.010482999800749
-0.050149422995973 1.95674810071614 -0.0124726539740341
-0.0675453090807256 1.96165793405757 -0.0202257265389324
-0.0675593602025604 1.95544964474016 -0.0202865445668916
-0.0699051918615339 1.97139814216553 -0.0197926617489785
-0.0594115341057546 1.96550292102455 -0.0163569973067794
-0.0447200847181854 1.96408016704355 -0.00904900383763744
-0.0446270610479814 1.94791446101331 -0.00462650458775392
-0.0573341248273538 1.9421381369957 -0.0065829914638865
-0.0681528275007963 1.95425190676062 -0.0154180841056877
-0.0650883144199745 1.96637315307798 -0.0236803220137248
-0.0514145808766954 1.97741846280162 -0.0246064179248138
-0.038271526590287 1.98033081163976 -0.0149025698865091
-0.043193524968692 1.9634827980302 -0.0104980370541525
-0.0564497703781302 1.96461242161482 -0.0143909694278704
-0.0689800010967507 1.96839991542695 -0.0231365268430411
-0.0670451436430336 1.97845176647354 -0.0227374399829789
-0.0672481443238358 1.97777745376293 -0.0227160552257118
-0.0466592738373402 1.96313532258355 -0.00219851683085473
-0.0554313817021299 1.94897543746013 -0.00366577451433511
-0.074308683087381 1.95441389475042 -0.0183144354855824
-0.0793519320745199 1.96211948734202 -0.0290950261880917
-0.064116157714668 1.97121711163131 -0.0276084665774778
-0.0510396743562141 1.96442453003505 -0.0177859956257808
-0.0485157955827405 1.95282467859764 -0.0143822365247955
-0.0611322890588995 1.95518734177011 -0.0221913831025694
-0.0719508633838527 1.97566346373707 -0.0320162400173496
-0.0718772908557846 1.98542992899039 -0.0354836477757166
-0.0559579953448545 1.98838352820138 -0.0300233737074075
-0.0398289956017995 1.97024691238131 -0.0198147723276253
-0.0416549914418582 1.96654833742039 -0.0129172337169094
-0.0416970875607075 1.96052246348359 -0.0129115161219905
-0.0416987974376207 1.9619792837605 -0.0129262986591828
-0.0758621411253031 1.96683646413392 -0.027142991125345
-0.071614206241013 1.96996073301903 -0.0285946567280595
-0.0716648825542114 1.96964745012381 -0.028582306321105
-0.047499686689316 1.96590720180606 -0.01829028130525
-0.0552853885452586 1.95861872283024 -0.019739390540305
-0.0724838553309444 1.96024499058555 -0.0250928521142301
-0.0741515946175781 1.97925936328927 -0.0294777174326105
-0.0631113880685983 1.97527189662335 -0.0280690605274215
-0.0543865493631206 1.96803528108635 -0.0202439166131853
-0.0594126426454436 1.95956686242952 -0.0173205263651983
-0.0745287895650844 1.9568843774738 -0.0222239662725936
-0.0809397801361317 1.9678421669046 -0.0271618104213044
-0.0780139618734863 1.97962034874789 -0.0295228208761155
-0.0672424416600216 1.98321692938025 -0.0280889987878532
-0.06852573336675 1.97506668261699 -0.0212054654913244
-0.0783596636540967 1.96200481845611 -0.014405169079228
-0.0932793036676515 1.95513692025059 -0.0203052032382713
-0.0962559461326314 1.97386448035643 -0.0275516686162618
-0.0846044488574365 1.97636832866711 -0.026062044095084
-0.0701806846145559 1.97012323660096 -0.0133990857588929
-0.0661048430502719 1.95982247406429 -0.00706653107085326
-0.0805160899707284 1.952046935013 -0.0133990556901361
-0.0917476441837828 1.96133773979802 -0.0222474729475326
-0.0877209439987241 1.9762951917598 -0.02713759204916
-0.0672011660967117 1.98405662380366 -0.0232180720415795
-0.0485679444346302 1.96922838326479 -0.0134424313753877
-0.0572949960569244 1.9610697548382 -0.013416002404709
-0.0573849943078037 1.9662685282426 -0.0134167502191622
-0.0778538338743792 1.96525593454546 -0.0231431922588791
-0.0922449828409873 1.98237329383095 -0.0305460703795263
-0.0782810344451453 1.98910994183555 -0.0296009786341846
-0.0594713733909479 1.985273935992 -0.0158347430543787
-0.0515210930109721 1.9707052026049 -0.00317359693069672
-0.0635768920556176 1.96353008266529 -0.00560575611689558
-0.083251779440448 1.9637973476199 -0.0153544854573872
-0.0852593326196151 1.96509724933807 -0.0193030376476499
-0.0656593754708216 1.97079170784304 -0.0188306168416394
-0.0461253256253696 1.95866101883595 -0.0095132909428963
-0.0495579140272379 1.94551581993044 -0.00904874634847209
-0.0669894486307105 1.95743545277078 -0.0144011318754462
-0.0768559770709828 1.96875109960898 -0.0242089616371196
-0.0677783961895214 1.96652755435397 -0.0217082431164436
-0.0485819404776202 1.96362261759128 -0.0148950614298455
-0.042736692563691 1.95998873898448 -0.0080406561561629
-0.0523978374035522 1.94538782041686 -0.00659869735714525
-0.0705428356769606 1.95132892840782 -0.0149110769103455
-0.0760370610204553 1.95435575930692 -0.0207203453775303
-0.0616379466210457 1.96541871464776 -0.0192673379735419
-0.04897153561704 1.96075834101023 -0.0139469541267892
-0.0437510638693666 1.96368338338433 -0.00904105274327261
-0.0579403477573497 1.96024409092963 -0.00950112688540983
-0.066491620011217 1.96150526818529 -0.016885254054845
-0.0631332420856838 1.96813604098275 -0.0193077695669563
-0.0481867172344511 1.96527981421406 -0.0163186203472465
-0.0368129814922377 1.95826336947418 -0.00464380279676592
-0.0427342030437647 1.95575126134146 -0.00170696282467679
-0.0427560047338679 1.94744889367542 -0.00171300527912717
-0.0597562036409107 1.94501712851765 -0.0065758462612842
-0.0694137132200165 1.95956692662302 -0.0154139597391821
-0.0695879446017439 1.96051761405175 -0.0153492029103456
-0.0697311231782448 1.95337997543237 -0.0154072921091531
-0.0437035730830202 1.95521147467078 -0.0065920008435829
-0.0521134085039357 1.95616987905579 -0.0129092592332745
-0.0728747423607239 1.95862777810726 -0.0285908375993044
-0.0780555763262643 1.97621648395385 -0.0314973499442862
-0.077961984220533 1.96984360601921 -0.0314883474512359
-0.046619128158375 1.97517620102908 -0.0109672384723498
-0.0421503695107716 1.95411540909049 -0.00560400510587465
-0.0577569266950086 1.95205113534955 -0.0119417278802429
-0.0754554804841255 1.95653531914191 -0.0207907818859848
-0.0769405859759362 1.96699153237833 -0.024167592022145
-0.0554095588259806 1.96743836386781 -0.0173191267598992
-0.0387246682424685 1.95897102425843 -0.0119463774436707
-0.0436230602077466 1.95384349033172 -0.0129631753909037
-0.0611999684837747 1.95621034967989 -0.0197666437388024
-0.0713932517563088 1.97849647651627 -0.0309845551319514
-0.0606964376508586 1.98720613555315 -0.032919848145305
-0.0452156830353573 1.97392881896166 -0.0241714583753874
-0.0417124281886147 1.96657622063247 -0.0153905884494855
-0.051553411872662 1.96565093621983 -0.0178293896061114
-0.0647913142513626 1.96553455977621 -0.0246626613779004
-0.0676791726490146 1.97335693737239 -0.0328928070696358
-0.0544969656605309 1.97628671531727 -0.0310678402148615
-0.0544187614647585 1.97557772043662 -0.0309398029915199
-0.0530866609150466 1.96745141067508 -0.0202715667799428
-0.0529627833241689 1.96098449040729 -0.0202353481649608
-0.0665328043160462 1.96263893806437 -0.0221669870070046
-0.0665695103007369 1.96664177048814 -0.0222250950736623
-0.0716500502873318 1.97660197182878 -0.0295753394726271
-0.0608239613370876 1.97441872781004 -0.0237196133758038
-0.0548489472839631 1.96308636498496 -0.0148726490399736
-0.063297680987751 1.95365763331287 -0.0124447971003369
-0.0788407914359054 1.95800076290336 -0.023157488739002
-0.085190179114035 1.97403363096739 -0.0325112440207015
-0.0850875203656277 1.96763153231247 -0.0325462260796283
-0.057903899160322 1.97513302486683 -0.0197621129370376
-0.0564955902181764 1.97165273564 -0.013919224711971
-0.056537364117621 1.97279204226549 -0.0139284768924185
-0.0928665514909148 1.98025174956842 -0.0300185063865155
-0.0887512474379067 1.98087069570948 -0.0256883025661716
-0.0679524049647813 1.9770424156474 -0.0138991592848187
-0.0553835529787694 1.97069177586227 -0.00268836682004516
-0.0626866579765656 1.95994854601039 -0.000732965419600583
-0.0847791868860236 1.96383469996583 -0.0114622396406566
-0.0966247818650111 1.97302562779096 -0.0221862631295324
-0.0818162063708306 1.98172316951068 -0.0198249960877638
-0.0621327494829594 1.97663414573221 -0.0134045612917039
-0.0545317737733919 1.96548119006299 -0.0124409578753485
-0.0544156542638355 1.96787419353035 -0.0124362062281426
-0.0889226738386834 1.96920373456299 -0.0256560934582018
-0.0903651462883136 1.9750849078208 -0.0290668399860047
-0.0729084271234705 1.97582197519151 -0.0216744152305546
-0.0593184624057524 1.96457975879441 -0.0173504463464803
-0.0592164764335524 1.97096790074363 -0.0173343312843611
-0.0592622295111441 1.97073925048745 -0.0173304760545497
-0.0826837337161214 1.96315346633496 -0.0173006980909636
-0.0854804359955139 1.96791495805216 -0.0212192044759318
-0.0729977538011956 1.97517415721431 -0.0188118358611949
-0.0545591434539234 1.97181829560178 -0.0119536972411557
-0.0494651229744466 1.95979291606882 -0.00706764148825212
-0.0496549868956695 1.96776914259498 -0.00707706696746321
-0.0701945897709665 1.9545601682528 -0.01537445276348
-0.0697123641670825 1.96990804681735 -0.0197329639379693
-0.0569135864977568 1.96529243354418 -0.0183073675599735
-0.0455762404278593 1.96188062932125 -0.00856619793548487
-0.0438068290069218 1.95797446400496 -0.00220192296141131
-0.0574524516066522 1.95953024499202 -0.00903359192180528
-0.0697462032397918 1.96675031319136 -0.0168473641715019
-0.0657378629559186 1.97129789140609 -0.0168844367808954
-0.0544447439462907 1.96055232667857 -0.00951829260566786
-0.0544334933467934 1.96664493481047 -0.00951182560500372
-0.0485642343911393 1.9513209605998 -0.00611752733349202
-0.0613424737701563 1.95780967777681 -0.0138872711954149
-0.0689589740639601 1.9647086073594 -0.017833672069195
-0.0599244947069307 1.96971720849005 -0.0197706670741372
-0.0398240137436252 1.96292578890223 -0.0104741263771429
-0.0354385795619097 1.954825233849 -0.0012203086031493
-0.045239099698508 1.9513877268565 -0.00414229525347491
-0.0613570250470949 1.9541814545305 -0.0129104365096854
-0.0677462809683435 1.96151155442506 -0.0178431057231052
-0.0562952803905593 1.95793334882982 -0.0158491276333452
-0.045173787710891 1.96296256937379 -0.00904804518330521
-0.0452738290133468 1.95994571373112 -0.0090312037219913
-0.0432994337179558 1.95854923389943 -0.00853780580924688
-0.0550380837323085 1.95568885873562 -0.0109809689000598
-0.0691104644776247 1.96444734471641 -0.0188076344602029
-0.0667733796287056 1.97336139123172 -0.0212026284396827
-0.0500510967921653 1.96992882542014 -0.0168800449201431
-0.044723483596026 1.96298393657629 -0.0109628170797812
-0.0447416985754817 1.96321430188972 -0.0109809366735153
-0.0648205879972928 1.96326965238377 -0.0172956700415509
-0.0660077826011528 1.96584588832886 -0.0231683417150814
-0.0577203628157237 1.97254210146933 -0.0207470994995226
-0.0489685392525565 1.96365513736209 -0.0153680900690423
-0.0476911982752329 1.95992804432767 -0.0105025118708082
-0.0553445381359001 1.95323648796988 -0.0114550696341457
-0.0705927366829263 1.96086852634049 -0.0207699753851696
-0.0716066715116673 1.97713866925439 -0.027162357887243
-0.059876153952166 1.97322452423968 -0.0232498349999223
-0.0442810502282753 1.97351547471106 -0.0163235383475062
-0.0447552064000619 1.95743456266037 -0.0148680796030171
-0.0554968974672917 1.95898064540164 -0.0183387673175592
-0.0730146652778075 1.96718432277552 -0.0290619840632285
-0.0724371375277424 1.98177943131302 -0.0348828379023326
-0.0584131187197999 1.97698032889657 -0.0271230446041895
-0.0436237757940678 1.9708913454912 -0.0163505251226669
-0.0471289266323342 1.96561275767961 -0.0173458220532148
-0.0671870047763113 1.96440173829486 -0.0261668869116524
-0.0797088850115696 1.96939714804916 -0.0324950377443223
-0.0734478658084542 1.97083095260273 -0.0300128883839513
-0.0735841277687912 1.9735276500864 -0.0300566634881975
-0.0736225398459434 1.97845039380064 -0.0299824857652452
-0.0523713194875198 1.96399245667255 -0.0154025436409114
-0.0623537692449431 1.95809944868356 -0.0183538850842364
-0.0779946872628776 1.96949504822089 -0.0222514479455014
-0.0764058161894302 1.96709255544851 -0.02609939902213
-0.0611362428063339 1.97552200235505 -0.021701758827836
-0.0479804522813211 1.96954199990345 -0.0168425092407278
-0.0481627948919245 1.96432808434467 -0.0168497986976327
-0.0742876069206707 1.97259142607283 -0.0217156099990591
-0.0745534801296168 1.96580403844104 -0.0217364776129512
-0.0754340729616489 1.97776095256514 -0.0246347708680405
-0.0589765736195686 1.97127197877914 -0.0183082269757615
-0.0584135386902281 1.96719933083165 -0.0129222509590483
-0.0719314915866631 1.95925325181629 -0.0143921455294456
-0.0876574230344598 1.95893378683299 -0.0183524101966442
-0.0877661650591384 1.96917651300403 -0.0202664317356237
-0.0729065043749171 1.97213579544638 -0.0139189576436722
-0.0729738958742574 1.97246760684778 -0.0139258647436499
-0.0676972274989969 1.96532546110821 -0.00951807162021368
-0.0818107875110457 1.97656128108704 -0.0188112551836246
-0.0876494207830618 1.97444077407266 -0.0256894360674985
-0.0817303028025807 1.97792561960535 -0.0231733620539717
-0.0677646940756994 1.97552214462055 -0.0173748458497226
-0.0631383606456194 1.96945979989872 -0.011977607189788
-0.0671760534026403 1.96420469207121 -0.0134182278585543
-0.0779570671155339 1.96225199871673 -0.0212109893669496
-0.0804361456892182 1.96755317679073 -0.0246679146665844
-0.0684708382077087 1.96728616404828 -0.0198001408249486
-0.0687693719553789 1.97242469098821 -0.0197319510984803
-0.053944192377979 1.956225902114 -0.0104979596442319
-0.0500329246097995 1.95895032349963 -0.0114861036574656
-0.0501173786690062 1.95601413820883 -0.0114530121935532
-0.0750216430444802 1.96175544270331 -0.0231370872208554
-0.0729592296383495 1.97298200164962 -0.0241499803264894
-0.0569336294887877 1.9767030591304 -0.0183037309575829
-0.0481976712292277 1.96573215468041 -0.00755501369172432
-0.0490792481072704 1.96532261338329 -0.00561995979317335
-0.0578328858710742 1.95908692118459 -0.0109653188987901
-0.0711058841842822 1.95885375064853 -0.0182802611789707
-0.0682351656723381 1.96220220569014 -0.0168227464696845
-0.0555232794481327 1.95336099061804 -0.00854664628323767
-0.0486536518713147 1.9442254123643 -0.00513930931928231
-0.0569004034097141 1.9459043401611 -0.00709720569695332
-0.0694579554443192 1.95891045997548 -0.0158376993974849
-0.0681192157775952 1.96326912847799 -0.0148754541983916
-0.0534088427322455 1.96366357402282 -0.0110109178577558
-0.0445855703597962 1.95002758022854 -0.00853320209471106
-0.043772366061241 1.94468259706713 -0.00953767035749723
-0.0598837599939199 1.94470540574118 -0.0139307947356993
-0.0662547857782226 1.96255128266164 -0.0203063156366862
-0.0624099900415999 1.97051219052277 -0.0207858212210876
-0.046145909678663 1.9684582988843 -0.0149287719168236
-0.0393636429817918 1.96019902965208 -0.00659696450813368
-0.0460419264527816 1.95254519284674 -0.00707131917028888
-0.0603261329280778 1.96467280801919 -0.0158717733393302
-0.0691078542600372 1.97037609730957 -0.0221924735530865
-0.0691474792835952 1.96771032190764 -0.0222659353019127
-0.0690958906990781 1.96493781893502 -0.0221786810951091
-0.0486376048498372 1.97184006666814 -0.0114592694769539
-0.0450970497626369 1.96220192875126 -0.00659608066585809
-0.0518813594896407 1.9573539992631 -0.00902667931249417
-0.064311215120023 1.96250291802629 -0.0163416564423996
-0.0689472574243264 1.97020694921257 -0.0241648408407324
-0.0627902689789324 1.9694206757532 -0.0202249565869616
-0.0529235280294896 1.96313296919833 -0.0124771205754669
-0.0525880008437423 1.95328850887331 -0.0104771343910096
-0.0640721302517342 1.95621086785356 -0.0149040939982879
-0.0721920434717849 1.97033384253048 -0.0241896948032768
-0.0733556597023195 1.97731323616559 -0.0247119291500045
-0.0617296654366727 1.97226515916137 -0.0183499331270393
-0.0544924179201036 1.96041833440467 -0.014433392135001
-0.0589729756689525 1.96264591483506 -0.0144381093477961
-0.0692309721303697 1.96105528973216 -0.0217787661343033
-0.0741344593082397 1.96927825726431 -0.027589412650571
-0.0640764780454503 1.97106188200506 -0.0231757279356168
-0.0494713435087943 1.96635560289747 -0.0178192835775663
