"X" "Y" "Z"
-0.0714303727722806 1.96479935202824 -0.0188142763717943
-0.0617296506862325 1.96296688879322 -0.0124560131327711
-0.0617467453746567 1.9637883119163 -0.0124497415608525
-0.0770569471252582 1.97251771284672 -0.019756972001452
-0.0865887336426714 1.97642911219034 -0.0305808577332157
-0.0770980766402831 1.98728476216846 -0.029017087364866
-0.0582846570044656 1.96843600979688 -0.0163565737376716
-0.0524883917276869 1.95917524544771 -0.00708850246306686
-0.0646324857660161 1.95221530649316 -0.0139478702050742
-0.0834523411609618 1.9594065351467 -0.0241151884135939
-0.0833659923512057 1.96073337784574 -0.0241579937044108
-0.0677880783059324 1.96960402701845 -0.0246387520697246
-0.0485235451792696 1.97317249466664 -0.012956007072274
-0.0475032636984635 1.9631279663463 -0.00951002847920756
-0.0646207791028841 1.9644934699957 -0.0187926775628403
-0.0812784640616166 1.97021433927862 -0.0246360470937693
-0.072540109867152 1.96967395210061 -0.0192471574485906
-0.0558578574118392 1.95532004607025 -0.00659081065801404
-0.0471096742518155 1.95166627151516 -0.0036542280632022
-0.0582518153070113 1.94328495185199 -0.00658307158708721
-0.0747697029588427 1.95262731981558 -0.0154042361739737
-0.075414124122112 1.9597518815486 -0.0207033031894144
-0.0755228865990063 1.96154269156125 -0.0207749751574722
-0.0592654748092948 1.97196211887871 -0.0172909814843218
-0.0593897386955908 1.96923559209746 -0.0172952083438579
-0.0348300372141299 1.96393210012153 -0.00463670075709631
-0.046050354046591 1.96407949171793 -0.0100026171045711
-0.0616626499101682 1.96344294132077 -0.0187979462579172
-0.0627454384536477 1.97276498073214 -0.0163967268806504
-0.0628429525028285 1.97171491302982 -0.0163746732208279
-0.0423411051993558 1.95190523372843 -0.00610234193060347
-0.0499603322882078 1.95557979628516 -0.00562593288866926
-0.0651767202300017 1.95425246387529 -0.00998646450197531
-0.0671616709231154 1.96064558018404 -0.0144132615583989
-0.0597751913390877 1.96235572669715 -0.0148631525837245
-0.0491752599240417 1.9603306857145 -0.00951186577357283
-0.0481200369168055 1.94954050903783 -0.00365736335188482
-0.0626005796341724 1.95181709890116 -0.0104966024975664
-0.0723669853620773 1.96041124905666 -0.0193250985238318
-0.0728890409615834 1.97421382396788 -0.0231564054218257
-0.0618936196041417 1.97001700968479 -0.0178624582340059
-0.0533560653877188 1.96314456384384 -0.0114964153235565
-0.054852429127142 1.96153770055239 -0.00754909890543085
-0.0676297824158804 1.96001059860883 -0.0129238483004928
-0.0746219479540814 1.95915571347609 -0.0202254579639648
-0.0705384324854065 1.95528574245832 -0.0207932285932938
-0.054857276645939 1.95981167489441 -0.0158904773587374
-0.0534146352042464 1.9564856867163 -0.0144355538807753
-0.0613791632701268 1.96071196521466 -0.0207913404270322
-0.0614014449302567 1.96211822679046 -0.0207905664362347
-0.0611764210345868 1.96178430401541 -0.0207847118312548
-0.0611699309137506 1.96004110188789 -0.0207152249073186
-0.0544786856756121 1.98176662985222 -0.0256785108203386
-0.0480138151620375 1.96504761154069 -0.0193280674891124
-0.0520297532433372 1.96764881587284 -0.0212243218587264
-0.0729586403023126 1.96813961497521 -0.0285249905743692
-0.078193964853116 1.96885699569624 -0.0363658543871143
-0.0784088709688728 1.97326425614605 -0.0363914002579875
-0.0519689198599335 1.97611180913508 -0.0275802802323726
-0.0446041110423755 1.96880004727342 -0.0231886960165268
-0.0568156992921363 1.96944549929172 -0.0222530976099813
-0.0710243940112794 1.97183346554174 -0.0281007673987169
-0.0770944563924059 1.97287306830654 -0.0314663700190504
-0.0664953197927454 1.96628074819894 -0.027089489823351
-0.054878424145464 1.96723031630438 -0.0177966535161564
-0.0515193484519705 1.95196708723071 -0.0148983104061648
-0.0631597802892244 1.95025787637484 -0.0158355641298691
-0.0753586380052948 1.9600805770695 -0.0227072249742113
-0.0789635395010108 1.9733129869581 -0.0266242427694342
-0.0729149464409158 1.97361828022905 -0.0251093307683307
-0.062633264467508 1.96811101553704 -0.0197716984577387
-0.0599209175542082 1.96652440007249 -0.0134037156851185
-0.0686378704564218 1.96728982963298 -0.0168388819582553
-0.078413884701433 1.97985969999076 -0.0231414468250765
-0.0783151896700054 1.97466684161343 -0.0231832312228589
-0.0671287206128073 1.97361462976792 -0.0114900123864211
-0.0603641829762375 1.96534044270574 -0.00659419058036447
-0.063147642541217 1.96002057930494 -0.00758168197192103
-0.0740307558878743 1.96155146517746 -0.0148692783252561
-0.0740617495440776 1.96617609477719 -0.0148694454934417
-0.0826832047997434 1.97611715662229 -0.0217271452908672
-0.0776911711825646 1.97911394796432 -0.020271104254183
-0.0779983741602772 1.97213641042384 -0.0202631153022437
-0.0596826415547754 1.96958742473063 -0.0138898253374636
-0.0597527744935272 1.96423610889871 -0.0138827032435795
-0.0855486194064846 1.97700810585624 -0.0256707911366063
-0.0826288949194712 1.97363806312774 -0.0290862956776451
-0.069927144653717 1.97069515011074 -0.0227088147902571
-0.0572331758819927 1.9655566516722 -0.0158986414998079
-0.0627594659501572 1.95852370048418 -0.0114857683123687
-0.0749843432170162 1.95785355299886 -0.0188287439720132
-0.0836696774340709 1.96429630149714 -0.0251374751862034
-0.0714127774244024 1.96598788141428 -0.0232405473446305
-0.0523909522240128 1.96870738179177 -0.0158406871252422
-0.0437220094452772 1.96433811102416 -0.0109999521820515
-0.0558708246950084 1.96638720173265 -0.0158760760872674
-0.0750195446349649 1.96544039495753 -0.0197465205466584
-0.0750432181945775 1.96350671182033 -0.0198191512909377
-0.0647400242113851 1.96064484831212 -0.0168410405461189
-0.051551749625983 1.95299316905231 -0.0114470279165329
-0.0568057520322903 1.95152854483896 -0.0099974329682511
-0.0716881223161019 1.95705583652538 -0.0143887765388179
-0.0716487259407413 1.95382197607729 -0.0144290329419862
-0.0720399344514916 1.96260356202988 -0.0207211318172068
-0.0543482099725379 1.97108567107303 -0.014883853732375
-0.0432383815806956 1.95696874423522 -0.0109875043919498
-0.0480924402155389 1.9648980934702 -0.00706981752569424
-0.0613983888860136 1.9632666768914 -0.0138865912876235
-0.0612765493538536 1.96591899410604 -0.0139195252713796
-0.0623372216959887 1.96730515787709 -0.0177805222126908
-0.0529723780467945 1.97457690514469 -0.0109832738075237
-0.0437300307234505 1.95942032594631 -0.00267980698756576
-0.047553509530671 1.95521281974069 -0.000244175021976237
-0.0608308084191479 1.96041999279927 -0.00560295760147389
-0.06554402787859 1.95454046073314 -0.0119344012011213
-0.0631285382757802 1.95304236896422 -0.0138841322861518
-0.0519838968794219 1.95529939205808 -0.00853615598329603
-0.0499815839479899 1.947245238235 -0.00414703723629203
-0.058895924528286 1.9494192785891 -0.00854939120936898
-0.0701849141191095 1.95445568947956 -0.0158573193560945
-0.0690864849386897 1.97114539936223 -0.0202328113610889
-0.0579574565079537 1.96713027438965 -0.0153587470892503
-0.0423002263310495 1.96639875294959 -0.00904889867815302
-0.0461995534528773 1.97080408457205 -0.00999799368317171
-0.0623938270129085 1.96553902831536 -0.0129133963523973
-0.0731538636987074 1.96769516316585 -0.017828238798671
-0.0671506935509814 1.97185168794958 -0.0148926110029381
-0.0528941224045029 1.96136494180727 -0.0129500608202102
-0.0451537203460902 1.95931253797883 -0.0095254811386935
-0.050145562993759 1.95464995797309 -0.0114477781189064
-0.0671813529923424 1.96023413028604 -0.0192738705763306
-0.0752635960193173 1.96857423435744 -0.0252056234296911
-0.0679800429734921 1.96783703312459 -0.0231474956901526
-0.053965171341686 1.96719787745337 -0.0202184659115313
-0.0490025124961835 1.96083148777908 -0.019251666407338
-0.0587822605975575 1.96961050374033 -0.0236974241003027
-0.0689863858687995 1.97388396478063 -0.0325059187057448
-0.0689828799150322 1.9789311806666 -0.0324872316137502
-0.0695233020840227 1.97534482674311 -0.0349444460932916
-0.0599228725413413 1.98067172053448 -0.0291080591450971
-0.049485640519411 1.97254447241011 -0.0256836625233531
-0.0524386254991329 1.97355414902125 -0.0241268742810014
-0.0651820404524623 1.96967055400586 -0.0236538903022944
-0.0731203671287594 1.96918457084002 -0.0247061411525952
-0.0715179898001715 1.97224406315827 -0.0266349123504855
-0.064154518388542 1.96539647027206 -0.0251595144554757
-0.0608800649568005 1.96176117086199 -0.0198201075940496
-0.0604546328708989 1.96034763070302 -0.0183271506631435
-0.0681729569555553 1.96014075338664 -0.0236576945534302
-0.0753663098189362 1.96689545767941 -0.0266576821119839
-0.0743535071547658 1.96218471215538 -0.0285857117144278
-0.0660906727774211 1.95823849790822 -0.0236406196826125
-0.0593952249366941 1.96563274310946 -0.022259178786281
-0.0591828980620401 1.97957491340931 -0.0222689228716007
-0.0592120863164681 1.97102585402536 -0.0222095017395962
-0.072986382715113 1.98545207095428 -0.0275283656184692
-0.0668081851132822 1.97889377180959 -0.0158490259198193
-0.0559192735750827 1.96837938694152 -0.00803827674077754
-0.0569544680983072 1.96703539425223 -0.00708254795930902
-0.0720142650100472 1.96931164147577 -0.0114469893257442
-0.071955022487647 1.96849063303403 -0.0114803710652997
-0.0784798669181949 1.96177657534032 -0.0153714892345516
-0.0781874621405274 1.96410722735024 -0.0153890542434445
-0.0574626492102201 1.96832859800867 -0.00511874843588176
-0.0677534229223834 1.97426709521461 -0.0114941184054832
-0.0677003946699725 1.96985007505629 -0.0114762344815797
-0.0676959643772107 1.96893341773559 -0.0115003090804977
-0.0874953040462837 1.98325310964923 -0.0241637739372384
-0.075771336491066 1.97528076299846 -0.0192888376207854
-0.0637395582441648 1.96628935665471 -0.0105041865645322
-0.0604101364010139 1.96730469019561 -0.0119845740843721
-0.071681054677187 1.96085139170289 -0.0173053846977296
-0.0819530011340554 1.96805974264771 -0.0222361164496105
-0.0772341583076943 1.97224264181023 -0.0221687557939786
-0.0627286330943069 1.97685570874764 -0.0187816424517436
-0.0504934007352538 1.966947905785 -0.0104870579694982
-0.0569163439912478 1.96746036434322 -0.0119773460191251
-0.0692062954050557 1.96872642997386 -0.0183146725062659
-0.0748855565663718 1.96842642750877 -0.0212883047166422
-0.069100933232259 1.97361713996519 -0.0216932036451066
-0.0584034159800891 1.96443808863087 -0.0197544475178137
-0.0564185925460797 1.96612816033992 -0.0183420985992915
-0.0616342081695891 1.95547048881486 -0.0163441189584408
-0.0735214610061732 1.96526494544018 -0.0241792646467115
-0.0729646936327347 1.96721180670133 -0.0261043646472723
-0.0626401709287817 1.96540160008442 -0.0221751607919725
-0.0535407330578509 1.95680159598547 -0.01244591341272
-0.0516346825274501 1.9463074868585 -0.00950761221360266
-0.0613040357749635 1.95654055456043 -0.013897314428822
-0.0665415441666762 1.96364622297294 -0.0158351907079395
-0.0638336240727103 1.97010451556291 -0.0183129736193769
-0.0490581990196248 1.95821803139972 -0.0109955893237203
-0.0426788117160619 1.95556892290944 -0.00317629948630541
-0.0480880196279591 1.95413525122272 -0.00462803708134118
-0.0482159496758318 1.9522324390365 -0.00464243725650578
-0.0613647999712693 1.96117900997001 -0.0124389778091879
-0.0646955611280315 1.95531054088589 -0.0124787079565258
-0.0569189797145936 1.95332136852481 -0.00903279373360022
-0.0460807549534614 1.95944966876246 -0.00415780231822241
-0.0485231614077117 1.95742949857558 -0.00562731819212543
-0.0587887105026833 1.95894566853204 -0.0105165625338588
-0.0589337768286841 1.96549653264001 -0.0104864207932171
-0.0642328352586265 1.97206103452697 -0.0173186327509604
-0.0499465780114387 1.96058956410036 -0.00758460986631213
-0.0437880769317376 1.95364838766123 -0.00170835261819083
-0.0511372587433556 1.96698548388237 -0.00660651175772421
-0.0652131056925137 1.97170106415673 -0.0168186588163754
-0.0705642581994016 1.96231848741582 -0.0168406363241339
-0.0601857815741921 1.96124128201154 -0.0104754389807486
-0.0603082434759623 1.96391778889034 -0.0104822656897931
-0.0516385848723788 1.9643790087026 -0.00755564396150172
-0.0592649843446447 1.96032435209691 -0.0119413820048178
-0.0695837194131496 1.9609047626637 -0.0158969207469453
-0.0701302242177685 1.95609720583707 -0.0173545897111551
-0.0633029848782347 1.95680375505626 -0.0158770225243711
-0.0559279360730344 1.95668727385194 -0.0178030642664028
-0.0588232113273405 1.96196869486861 -0.0222731922245138
-0.0666101080619481 1.9696660461624 -0.0275492984870882
-0.0676217198612408 1.97119291069354 -0.031538746659844
-0.0607522554052319 1.97122685334151 -0.0334758446871551
-0.0524273843857486 1.97394312404028 -0.0299722657724935
-0.0501197651458742 1.96920657270897 -0.0275646464148725
-0.0500661986392626 1.97017181342495 -0.027534704292905
-0.0501415879952302 1.97011895994235 -0.0276420476425486
-0.0602087694468718 1.9784047383809 -0.0315498018806071
-0.0609309492057824 1.98223180470638 -0.0325175160788077
-0.0577530269232601 1.98008824803503 -0.027112400014429
-0.0526220828301192 1.97201800980937 -0.0221718518834901
-0.0569943719826582 1.96678105664869 -0.0226873245993741
-0.066297077953746 1.96552627021221 -0.0275782164297406
-0.0737947724908348 1.96123450376501 -0.0320096913060975
-0.0739498915028453 1.96035986605577 -0.0319492923196999
-0.067538760352052 1.9565733736965 -0.0252055512396299
-0.0587933335882501 1.95861973959572 -0.0197922907167379
-0.0592754590700508 1.96434738512013 -0.0212318151523386
-0.0671156771594086 1.966088253496 -0.0261000411223375
-0.0725176148579573 1.9775815478439 -0.0261555679646015
-0.0665645043082149 1.97148677887122 -0.0222610168076567
-0.0604419345789005 1.96544687237255 -0.0172993246821793
-0.0592375676255612 1.97060995595704 -0.0158631507752054
-0.064613604507476 1.97199754561081 -0.0163291333549352
-0.0740120073186569 1.97338584238652 -0.0158446315367697
-0.0753194382205639 1.9655727493643 -0.00998892284211271
-0.072550929594101 1.95462495535059 -0.00610578242935251
-0.0657062429941321 1.9577333731891 -0.00901251202158115
-0.0655956482212036 1.96900682774337 -0.0104718150291577
-0.0706640786822274 1.96681734733882 -0.0124320380835195
-0.0759128338856102 1.98060352433939 -0.0144106360872206
-0.0759017729777013 1.97650474821613 -0.0144025153394395
-0.0710650003243257 1.98062051169935 -0.015900810187441
-0.0672299951836256 1.98255201412879 -0.0163977520018882
-0.0672382995091099 1.97993147324855 -0.0158339519149245
-0.0669956897694755 1.97146909024471 -0.015875061663767
-0.0710327972442111 1.97772432893874 -0.0178638218971883
-0.0735132295040222 1.97691476445369 -0.0202642261745248
-0.0733893165583272 1.97023915809052 -0.0203001618122692
-0.0612367735804638 1.96975071283254 -0.0178003463541505
-0.0589161238440708 1.96407694333538 -0.0144006541113173
-0.0646620456543238 1.97069056906739 -0.0149220052453779
-0.0714035932230446 1.96460577112412 -0.0202238341696092
-0.0715783125648764 1.96774289351918 -0.0221883607316241
-0.0670790141751702 1.95833206833003 -0.0193160526578571
-0.0602460514413628 1.95838818966905 -0.0168503432060941
-0.0617132156064767 1.95721998366642 -0.0168577581875015
-0.0670320033916982 1.96428511252305 -0.019809946803615
-0.0719745319978183 1.97353793457383 -0.0246758071564696
-0.0716037339711553 1.96596937666599 -0.0207729475769569
-0.0623733464484586 1.96235374211271 -0.0144119470404563
-0.054796447422167 1.95695134183428 -0.0129699151867218
-0.0563436810690899 1.96344564980182 -0.0183069544795619
-0.0622858528508966 1.97621166435444 -0.0183212195914327
-0.0622785806365776 1.97224647076251 -0.015389369819396
-0.0564070702277135 1.95837401805969 -0.00706357541992622
-0.0490827275204689 1.95175942991815 -0.00464259323720242
-0.0495810845083664 1.96068086849867 -0.00562279079580065
-0.0568671753943826 1.9576606720608 -0.0104834248593041
-0.063565567527662 1.96305817383322 -0.0144240231395341
-0.0604123526989846 1.95495939507232 -0.013894239202916
-0.0558756398387279 1.94896042829988 -0.00854875786089429
-0.0519748695312426 1.95341675816902 -0.00999064625358273
-0.0519849335720062 1.95045246840676 -0.0100054159210552
-0.0518951165897046 1.95183098970259 -0.0100199511847519
-0.0607180782731757 1.9644277686986 -0.0139458889960418
-0.0608569450440245 1.96180021906495 -0.0138994468712574
-0.0573846238846132 1.96287129479919 -0.00806175743375323
-0.0534836539886295 1.96335060866149 -0.00855552918425308
-0.0533636071064202 1.95372339509501 -0.0114966902641821
-0.0591984946937706 1.96235133570172 -0.0124209666244143
-0.059231393645799 1.96403054431997 -0.0124575105317892
-0.0593159902013927 1.95793255110872 -0.0129394150280981
-0.0500689968207769 1.96391002226556 -0.00998731900949831
-0.0509120188621911 1.95661040622438 -0.00999727284286508
-0.0599389454667874 1.961439952701 -0.0104900636308905
-0.0666897140743039 1.96482845810422 -0.0153867752213427
-0.0696031157662635 1.96954890878934 -0.0172936982531424
-0.0651877193526535 1.96586572379331 -0.0138812784806714
-0.0573474396824619 1.9584864175799 -0.00950070885734818
-0.060263550135185 1.961816320355 -0.0100343355709746
-0.0656167668803531 1.9673054834646 -0.0158933029290364
-0.0680442069245894 1.9664218394006 -0.0212795937749755
-0.0662127416608184 1.9645659446583 -0.0198040340779909
-0.0567780947677444 1.95826018400026 -0.0168377274697864
-0.0558994895858697 1.96254981952598 -0.0193075499223193
-0.0545514488995395 1.96370152824745 -0.0212006102250575
-0.0563688332778379 1.98044721399204 -0.0309903332569551
-0.0545516046976509 1.97939848986791 -0.0305179059018445
-0.054404339768462 1.98019276931983 -0.0305470301375397
-0.0540470791497653 1.97366465405724 -0.0197459256739019
-0.0553672522450816 1.97168538314842 -0.0231591782062015
-0.055532298293861 1.96264689791665 -0.0231601375992682
-0.0622470062059546 1.97553540881137 -0.0265671601088675
-0.0702012784214512 1.97099940952951 -0.0310337040632879
-0.0702173346127262 1.96839413448082 -0.031081070702752
-0.0680236396047952 1.96040553894543 -0.0256760098830165
-0.0672950183512313 1.9579269485419 -0.0241207590726646
-0.0638558471794896 1.96130309383698 -0.0270839775828879
-0.0627417240935727 1.97105803160202 -0.0320085966036807
-0.0642417394208628 1.97760642131426 -0.0280974200923696
-0.0641913528589274 1.96995723910768 -0.0280470462259452
-0.062809244424769 1.96995144283224 -0.0178390226830188
-0.0623699801263231 1.96923328245107 -0.0222108209837926
-0.0597399480363578 1.97639732180192 -0.0232442259765478
-0.0597174332607449 1.97578979488849 -0.0202840054680275
-0.0593810354616717 1.97680080898862 -0.0168610547541184
-0.0655823915988929 1.96409282156253 -0.0144281739384511
-0.069945469444997 1.95900288693021 -0.0134200173879126
-0.0748785618201423 1.95445961346831 -0.0154027758781281
-0.0744612658343879 1.96214845786993 -0.0178340518232626
-0.0749824069970981 1.96173626934914 -0.018804987663643
-0.0725389941796165 1.9705935756461 -0.0198237237330566
-0.0719570671446613 1.9705545870246 -0.0173656838951474
-0.0695409019101001 1.97009617183645 -0.0188202623488642
-0.0691805831570752 1.9790605978971 -0.0158782515683099
-0.0714833891936239 1.97711565050518 -0.0173208157933212
-0.0744209804351547 1.98461800535498 -0.0226919801376204
-0.0719098703046913 1.98104925240323 -0.0202392141186339
-0.0674855205313507 1.96290186122712 -0.0119450186454787
-0.0687368717126438 1.96048412316016 -0.0109839622075858
-0.0685129839086993 1.96189731835113 -0.0109987406526819
-0.0679905272751942 1.96488166564259 -0.0158373393896871
-0.0719780787056217 1.96888016912454 -0.0202398741022764
-0.0721840133205167 1.96963611363746 -0.0183005306940213
-0.0699799350032569 1.96492744741723 -0.0134396715708012
-0.0651314415141058 1.95714903925185 -0.00854856303262743
-0.0675933775569701 1.95988706061703 -0.0129557973898027
-0.0755558576763572 1.96357357221905 -0.0187872759056222
-0.0785169377061581 1.96656007346721 -0.0256278491048696
-0.0765005604584276 1.96568075321067 -0.0217072670163758
-0.0671520983529234 1.96499480792342 -0.0158371569339931
-0.0647857371583713 1.96971632539599 -0.0212487991202105
-0.0622119295710852 1.97659705620858 -0.0266417189228214
-0.058751219664886 1.97765090389994 -0.0251352177058625
-0.0535121096177089 1.97345556264501 -0.0163697062924655
-0.0530034655197619 1.97390554836302 -0.0100002538919127
-0.0504518707233926 1.95560665523655 -0.00902828122962804
-0.0545072976673374 1.95913978459882 -0.0124554318883373
-0.0601970030027542 1.96589061692695 -0.0158356634086709
-0.0647149802867515 1.96181417162739 -0.0144259953830808
-0.0594708033752701 1.94794587116088 -0.0109959951661743
-0.0540517917953379 1.94953544132246 -0.00901225335409558
-0.0592901836677477 1.94370494731328 -0.0144149298833976
-0.0627589758119993 1.95657762272658 -0.0197903609619668
-0.0626547778429946 1.95662535454719 -0.0197980627299857
-0.0612873740722341 1.96177016926874 -0.0177931924501615
-0.0529367131874886 1.95879868242028 -0.011959634976002
-0.049179738318271 1.96359609643567 -0.00901868806823512
-0.0489806867023129 1.96475625572899 -0.00905650097516737
-0.0491301012987337 1.96109166077715 -0.0090162656103699
-0.0584894245310558 1.96552145862928 -0.0139324004272795
-0.0577687331219169 1.96829638155955 -0.0139118182344262
-0.0579529929713994 1.96433294381124 -0.013941180783661
-0.0580038773631166 1.96928903963982 -0.0138985835951012
-0.0519338377302345 1.94549404514519 -0.00220326416748083
-0.0569149231784088 1.94870124774418 -0.00464575378015555
-0.0641007529277567 1.95161103573289 -0.0143877291674417
-0.0645416264470625 1.96097421964563 -0.0163842623067879
-0.0611675002846094 1.9664054740536 -0.0139355823944648
-0.0577345551412274 1.95471438338012 -0.0100165187658104
-0.0578661805187609 1.96060010608593 -0.00953089720889997
-0.0655605896210356 1.96175814451896 -0.0183539455941954
-0.0694597685604303 1.97825534044703 -0.0246192177200734
-0.0651911046948072 1.96658655277364 -0.0207559045239905
-0.0621227328233801 1.96339944726576 -0.0168259090685352
-0.0584918604016004 1.95848067858905 -0.0134021231551338
-0.0584861922235453 1.95801539323339 -0.0134170839820533
-0.0621775810850373 1.97636949134841 -0.0226859138215545
-0.0613441774082197 1.97294563068968 -0.0232125920253494
-0.0577554237093574 1.97331715464423 -0.0178450942186847
-0.0530159511154477 1.9657243251786 -0.0134024629151184
-0.0559700532487244 1.96181207145953 -0.0144214771162601
-0.0635925426145949 1.96785574245173 -0.0256138239338502
-0.063853256880495 1.96892407736141 -0.0255855051406771
-0.0667248700969877 1.97345837558685 -0.0309399846012893
-0.0647395773376913 1.97118456334078 -0.0266128943378916
-0.0613321190773778 1.95973351290075 -0.0290582886488139
-0.0611913756701149 1.96356323249275 -0.029024478477033
-0.0665504213899863 1.96210419888067 -0.0324982207932272
-0.0713677292918712 1.97449879035237 -0.0383384846444587
-0.0759257756155554 1.9791810298658 -0.039403993940331
-0.0635644271971724 1.97902861275261 -0.0324215565928647
-0.0558247437413553 1.97171963259477 -0.0256327501724433
-0.0579936597670209 1.97066335593004 -0.0202882210653873
-0.0617889287853729 1.96839821165592 -0.0202925308792694
-0.063850331381644 1.97390296484978 -0.0212904049607472
-0.0617530208312776 1.97429691643841 -0.0207066730303815
-0.0632686796970658 1.9708816674069 -0.0168666607506751
-0.0660727450801679 1.95553517996685 -0.0178192875680441
-0.0660455531860689 1.9608612892045 -0.017788441523527
-0.0721106656072701 1.96332670756734 -0.0183301443131308
-0.072040655098295 1.95903226547885 -0.0182944981478802
-0.0721634212463793 1.96714415108765 -0.0212836065740637
-0.0681083441209613 1.96909523901471 -0.0148765933366087
-0.0696010716951244 1.95542437784577 -0.0129699316251511
-0.0756230718791112 1.96443228792471 -0.0163447201496828
-0.0752776291710163 1.96975034149828 -0.0163327470036274
-0.0690505876345124 1.98038509958171 -0.021695135562771
-0.0661061302757638 1.97451459279158 -0.014856814648786
-0.0669891092640333 1.96671583404827 -0.0114668844901413
-0.0734030722879823 1.97184865537895 -0.0114633891832932
-0.0759794441400586 1.97727803976378 -0.0178149321155345
-0.0741076138649151 1.98074959611907 -0.022683629868631
-0.0645519847904445 1.97580798223566 -0.0163468259009117
-0.0626909948707431 1.97046299535295 -0.0109683943723996
-0.0628744467705429 1.97095853067501 -0.010984946643697
-0.0626327598483541 1.96995540112522 -0.010984041309882
-0.0744933818344209 1.95899432094587 -0.0182832621377306
-0.0745734125996368 1.96152157121592 -0.018294249994973
-0.0743657335769762 1.96924441639016 -0.0211944047182229
-0.0696043478505915 1.96863852787076 -0.0183398204494853
-0.0646599001544692 1.95664119790047 -0.0177908066669356
-0.0724863666385309 1.95243471726092 -0.0231524733299138
-0.0724700127124319 1.95568510095673 -0.0231605144660532
-0.0726267494093959 1.97460595126176 -0.0309713102259085
-0.0726288610088526 1.97677474860031 -0.0309623626867299
-0.0559783710953506 1.96919779278581 -0.0143943906332279
-0.0519165695053389 1.96879475101916 -0.0105063964671268
-0.0563633477253049 1.96701289896599 -0.0114900026330061
-0.0657080770064593 1.96897137887676 -0.0148966747835065
-0.0672145902139079 1.97273897190608 -0.0134216430069767
-0.0621434886251513 1.95816486524309 -0.0109691966685801
-0.056937185129399 1.95184722892343 -0.00415184210154746
-0.0588316873311362 1.94059014178064 -0.00561855932022343
-0.0641190817412565 1.94425393862309 -0.00950266879626227
-0.0666633131318437 1.95994091066416 -0.0168644403955505
-0.0598390944437218 1.96982220337961 -0.0212878275579172
-0.0563009255151934 1.96740463619377 -0.0187933818330551
-0.0562709374572539 1.96186566157682 -0.0187811819373784
-0.0485861529429967 1.96178039283484 -0.00121799787254338
-0.0533746715187969 1.96836628288621 -0.00560857845551184
-0.0584155212022746 1.97926147529233 -0.0143914146545743
-0.0564842480362626 1.97598356203226 -0.0129349476778265
-0.0489611321496376 1.9681483992362 -0.00462683202842
-0.0491585542791257 1.96273361147088 -0.00463823776416145
-0.0491710633538284 1.95134439753203 0.00073362265810037
-0.0548823390316396 1.94539234753091 -0.0046315978011787
-0.064357667523242 1.95345252577448 -0.0138978876940103
-0.0656386152313648 1.96394586977961 -0.0177959224180823
-0.0655461693868778 1.95835076421049 -0.0178359711909479
-0.0506181560227073 1.94446954278637 -0.00024346425321179
-0.0557722434267702 1.94731038921868 -0.00171411490956838
-0.0680873248801813 1.95711176602128 -0.0129158074655612
-0.0739000151414665 1.97473449833751 -0.0226786072051657
-0.065665294850367 1.97605972823662 -0.0246709380261034
-0.053592965767207 1.96646543779439 -0.0149056977265294
-0.0530761214931118 1.95762027942504 -0.00952092869185269
-0.0617247890052722 1.95914795631124 -0.0183207145203691
-0.0736446963567216 1.9662172707778 -0.0261699349377507
-0.0671191716037762 1.9692428340114 -0.0261808638158112
-0.0539951751509636 1.97633677194632 -0.021762749335447
-0.0471673561448465 1.96464281888348 -0.0134349375606976
-0.0494662269045692 1.95319198827275 -0.0134307525342931
-0.0648029098945174 1.95805159777199 -0.017795389241174
-0.0708748834691303 1.97104512141515 -0.0237157131087554
-0.0691010769309591 1.97077666854315 -0.0256304470863822
-0.0568409205297493 1.96799011503829 -0.0266263444293809
-0.0550206838052369 1.96438909229653 -0.0236689036563251
-0.0599259533765297 1.96516220317274 -0.0256242211132015
-0.0684445711830754 1.96943279101477 -0.0363229936528913
-0.0739007318932403 1.98122774747698 -0.0388070765215918
-0.0739534397671737 1.97953726531681 -0.0387740354411431
-0.0559654167944 1.97544135650356 -0.0251999469524615
-0.0558595199546256 1.97576022983445 -0.0251660180621952
-0.0530488438261516 1.96333111833419 -0.0212505809044385
-0.060859873766289 1.96324853346165 -0.0197374488537696
-0.0686580881350533 1.97403584198797 -0.0251670436159789
-0.0652353769718745 1.97177985457825 -0.028602712806217
-0.0577264495872624 1.96589413614045 -0.0217335495216318
-0.0530574635459724 1.95536973791763 -0.0124539535270646
-0.0621469486425555 1.94624133468584 -0.0100031830524543
-0.0779785330192655 1.95538952992048 -0.0222038133217878
-0.077822869930481 1.95220612874055 -0.0222603813306948
-0.0666421586347449 1.97021070614609 -0.0261101472043375
-0.0567919560507439 1.97183328867829 -0.0168524551442438
-0.0573462007113537 1.96663750021139 -0.0119481287176873
-0.0701525492367801 1.97303002250304 -0.0153461996211157
-0.0765755686928593 1.97532948370064 -0.0226598428579844
-0.0754653189154083 1.97880766540066 -0.02218794291334
-0.0638509363165548 1.98310017454008 -0.0154199441612691
-0.0584145527554672 1.97418212835875 -0.00708955483974153
-0.0642707683666653 1.9620975565646 -0.0100292928141744
-0.0767610192395749 1.96225005667117 -0.0182878370420221
-0.0801360616232812 1.97356497865261 -0.0231487883871284
-0.0740902849852631 1.97505518004216 -0.0211995809653193
-0.0623199541992532 1.97598909828826 -0.0119769726235607
-0.0607961959742039 1.96670014561505 -0.00999597307526553
-0.0729601643218298 1.96377082932476 -0.0148861422706716
-0.0846713098108113 1.96858343522336 -0.0212671147350521
-0.0816811031059158 1.977638188873 -0.0212677933652665
-0.0699509084098666 1.96871076547702 -0.0182712419463866
-0.0699756596374167 1.97127363243274 -0.0183248119245956
-0.0700199447666995 1.96690606143329 -0.0183502797757073
-0.0692157149726082 1.95747688008007 -0.0149095947146303
-0.0690591286962259 1.96072945923549 -0.0148810797208382
-0.0690367076110444 1.96115168090583 -0.0149156820442698
-0.072588008282099 1.96741776808911 -0.0246881741614081
-0.0626869150914709 1.96948939631202 -0.0236898590559899
-0.0552955446046912 1.9703214544125 -0.0144332253307828
-0.0533475309206042 1.96208439221559 -0.00856477717668038
-0.0589411531029117 1.96895840254953 -0.0100042319318267
-0.0588000034540985 1.96551663384069 -0.0100172063858671
-0.0677248167473932 1.97104164143726 -0.0183186453945529
-0.0642726496708268 1.95746950606986 -0.0124609985220757
-0.0624011845689675 1.94088146019888 -0.00462875184934708
-0.0628780832599745 1.94438767346865 -0.00611139921084892
-0.0685850721659354 1.9564537836018 -0.0188283268665439
-0.0689720306557322 1.96595580602812 -0.0265555676671269
-0.0603895887175262 1.96731850232348 -0.0202543843344874
-0.050115153617261 1.95512595880258 -0.00853874072901744
-0.04701764143121 1.95119613549119 -0.00611048346510419
-0.0555225401242837 1.9569034401664 -0.0114838250026932
-0.0622732922029165 1.97349387283763 -0.0183328875799763
-0.0592217559784048 1.97703243762873 -0.0197323201111823
-0.0447065026177632 1.96863259678737 -0.00855143432519472
-0.0364246424429634 1.96057336038899 0.00171076897906386
-0.0452623621001387 1.9458798773724 -0.00317915211112917
-0.0603666587094674 1.94833374800888 -0.0119490563364011
-0.069004948499315 1.96335914983861 -0.0158627957071352
-0.0597909614155606 1.96345693717757 -0.0139047497716106
-0.0597513205924627 1.95853845549693 -0.0139358980446024
-0.0496668819012656 1.9562006633198 -0.0095134224022571
-0.0480615555743926 1.94700414687794 -0.00562136313016126
-0.0592302890434058 1.95523749376692 -0.010513485413454
-0.0697166218844159 1.9623314483977 -0.0187713421109533
-0.0629021022943566 1.98276733121782 -0.0202181318134941
-0.0515772653345127 1.97258555118961 -0.0138835442684493
-0.0515781372383903 1.97262806078353 -0.0138974281738232
-0.0549699415802168 1.96096760799106 -0.00462950041228123
-0.0672127589455213 1.96649937405767 -0.0114845879181285
-0.0736325374443216 1.97591613092743 -0.0212033885367723
-0.063753540721027 1.97263079368701 -0.0226532119105305
-0.0484912633334609 1.9700989117616 -0.0168356807007957
-0.0457274216479264 1.95778805893116 -0.00756721396416979
-0.0589551542038339 1.94829891805339 -0.0095180994625985
-0.0706526483704533 1.96066616181331 -0.0193328747897751
-0.0715773554913784 1.96353823632025 -0.0296095649338793
-0.0612248479105605 1.97070999450952 -0.0246310907368868
-0.050565134192952 1.95795923816602 -0.0158884446379305
-0.0540353544106958 1.95571291413476 -0.0163814427880465
-0.0631356610559194 1.96464777049929 -0.0270877200827698
-0.0719397862520174 1.9728593164532 -0.0413302289823314
-0.0665283310772496 1.98682238031349 -0.0445768878170225
-0.0528797853697632 1.98162825080066 -0.0377904006356287
-0.0470836594129715 1.97330841663883 -0.0231898323655543
-0.0568423014273848 1.96901201130242 -0.0231506838667596
-0.0690286253572451 1.9716777401394 -0.0319865238377859
-0.0670872143797906 1.98664825557066 -0.0329815457669668
-0.0593153919769355 1.98018205278776 -0.0236233141687798
-0.0593353897197475 1.98339672226228 -0.0236895983868376
-0.0520963752003784 1.96911889140056 -0.014397926831372
-0.0520181627665585 1.96600333081098 -0.0144097899887449
-0.0710774801299501 1.95240344000856 -0.0188049081658479
-0.0812071186703306 1.95352071480737 -0.0280476008209198
-0.077902550516613 1.95803514302324 -0.029976652584556
-0.0636878369427757 1.96549489736604 -0.0227410050508486
-0.0563413614551308 1.95931485352283 -0.0192954006348068
-0.0667251300231446 1.95805401728651 -0.0207938063017736
-0.0770472858054549 1.97472190351817 -0.0265682138984029
-0.0783189453839701 1.98809259855407 -0.0255935715844802
-0.0661081028599909 1.98973461867294 -0.0187992089657676
-0.0515580669630418 1.9917283746738 -0.0119440011727637
-0.05633066220704 1.97266978076811 -0.00562142992879914
-0.0680420005639398 1.95792334291928 -0.00611924606753878
-0.0856904360183606 1.96582679817066 -0.011956411685148
-0.0855233892311846 1.96839467458013 -0.0119384088782758
-0.0652980556845265 1.97958444483994 -0.0134565865152657
-0.0555179106093974 1.96436921852786 -0.00709032209140286
-0.0598326547915835 1.96653360461219 -0.00756924010564063
-0.0748262922869905 1.96792093044424 -0.0129303358581788
-0.0813154658452518 1.98019878810955 -0.0197752072288471
-0.0777084493662875 1.98634024501569 -0.0241351080835167
-0.0681074574848733 1.97278197156208 -0.0202662088914738
-0.062691459234927 1.96081207601147 -0.0119452700744466
-0.06746813846936 1.95861581212662 -0.0144353515260575
-0.0818413043134468 1.96559513291003 -0.0286085663470101
-0.0809394330194189 1.98450671281147 -0.0379163443613955
-0.0806318133651543 1.98405340704822 -0.0378802902577978
-0.080829157317426 1.98207073263923 -0.037935309575303
-0.0514937703223902 1.97315311924732 -0.0158867200837767
-0.0514020282822161 1.96666434658778 -0.0159024526179502
-0.0515526388455929 1.97545758220388 -0.0158661275046549
-0.0724731805179799 1.97353708882047 -0.0252061756879478
-0.0729754628228606 1.97979387605825 -0.0280955416579275
-0.0538964955807538 1.96858135647596 -0.0134254578536331
-0.0452073247865225 1.95391485066822 -0.00268836043282611
-0.0607173684761608 1.94690737831454 -0.00610288412648999
-0.0769115719157006 1.94721137702464 -0.020760688582998
-0.0841822933418715 1.96389670830714 -0.0295232429623224
-0.0691333390292004 1.97210158660317 -0.0265500261310305
-0.0499512831559976 1.96386739021476 -0.0178077255652264
-0.0452758277128204 1.94956151982681 -0.0105050255511234
-0.0578182477236163 1.95771716722102 -0.0163663737678558
-0.0720665679289161 1.96645448986095 -0.0227564945233762
-0.0660851519311945 1.97412386020191 -0.0217552299747095
-0.0451651057986686 1.97480544815948 -0.0090209317275549
-0.0329029173513521 1.96668430163056 -0.000244440160458758
-0.0330174637952346 1.96470005839054 -0.000243675419545979
-0.0593250834881803 1.95209761240165 -0.0021959102646301
-0.0675239953038549 1.95305884232837 -0.0105195191240847
-0.0613615500441905 1.96802349329687 -0.0129110116218197
-0.0491015068909098 1.95426150026317 -0.00706301908245273
-0.0491501339088202 1.94503608254296 -0.00170657537483561
-0.0602096234671796 1.9388949959351 -0.00463454173971336
-0.0666505861438877 1.94896408764557 -0.0119620365584131
-0.0667092636640637 1.95425578556169 -0.0119529632577326
-0.0667776521328068 1.94650889415472 -0.0119562759906553
-0.0665594490198397 1.95452238313219 -0.0119356622122981
-0.0489733451055133 1.95698269094337 -0.0104924941192874
-0.0494728228527506 1.95485002259149 -0.00464705983103636
-0.0613423462935166 1.95214359187734 -0.00803639333708903
-0.0632523086484545 1.96399342439664 -0.0182861072379618
-0.0618479850307198 1.97777643549827 -0.0271283943072688
-0.0480000567394229 1.97975298367966 -0.0203054413105204
-0.0445756669809605 1.9676545152355 -0.00463721672102595
-0.0519964719085432 1.95388871766657 -0.000732309619285525
-0.0519340624836213 1.95421335409831 -0.000730673772596419
-0.078521006199729 1.95613795841501 -0.0192906947945794
-0.0720451874968023 1.96897322831999 -0.0250934687403845
-0.0563697422327446 1.96340844330039 -0.0133988381607262
-0.0494985160078834 1.9514168277009 -0.00758003881908987
-0.0592099612528253 1.95039722758307 -0.0173092045510596
-0.073373945806701 1.96180995688662 -0.0324715149808683
-0.0717021814994136 1.96952411955131 -0.0383339906388843
-0.0577782679637793 1.97575164669426 -0.0343885499778223
-0.0431787753753157 1.97277288746075 -0.030019425281832
-0.0452361566895091 1.96938017539639 -0.0290127105135585
-0.0578745712589799 1.97208406753491 -0.0329911441730309
-0.0668097299586423 1.98178550788207 -0.0354639473228697
-0.0641762432262551 1.99163599316985 -0.0330412326069627
-0.064070464697656 1.98751587338259 -0.033034823413679
-0.0437007774288688 1.96003697770267 -0.0119641609016628
-0.0588811925728081 1.95437992801132 -0.0159055820012053
-0.0814565059580721 1.95416718973332 -0.0231732252001213
-0.0925653876064961 1.9601906030109 -0.0314640359270789
-0.0926668369427015 1.95686063485399 -0.0315559538720289
-0.0787758469754697 1.96088701086446 -0.0329927739643164
-0.0787592148454364 1.96435792720628 -0.0329884223181147
-0.0788045886098821 1.96780289229437 -0.0329782888145395
-0.0622622489119026 1.95902233962989 -0.0193229435438794
-0.075339493995666 1.96807416956488 -0.0285569208829241
-0.0715054763793548 1.98082457507144 -0.0349357654836158
-0.0598118811747343 1.9774690667979 -0.028621465766771
-0.0509111552735333 1.97044400721864 -0.0144110279552333
-0.0568812675997451 1.95539130684505 -0.00707311075085532
-0.0731077794576494 1.96328471479951 -0.0119884285389021
-0.0783060023475357 1.97887830886264 -0.0212175863503644
-0.0711562345548228 1.9782330810361 -0.0197841812179747
-0.0584214444403789 1.97220641062057 -0.00951326546551052
-0.0579073075671215 1.95838581737426 -0.0012210795624054
-0.0704768334963397 1.95219636523173 -0.00562335324828247
-0.0889854472523189 1.96449226699632 -0.0197674012077999
-0.0922541330616485 1.9761487022683 -0.0295943951766619
-0.073454256224051 1.97561560759785 -0.0242231657877301
-0.0563137005537673 1.9764494350268 -0.00952256722191114
-0.0584005950879078 1.96769624749016 -0.0080428701484503
-0.0764114218457695 1.97579818873205 -0.0217763678408168
-0.0881784401720551 1.98228765879188 -0.032428529410421
-0.0772578098543471 1.9812070792068 -0.0290987433768017
-0.0578958091638091 1.97071002554651 -0.0168550872498469
-0.0486511100533651 1.96392318335142 -0.0119453760426299
-0.0611461203282366 1.96473556031166 -0.0119628900859203
-0.0762361077257007 1.96541308134827 -0.0202440666818688
-0.0799585558504379 1.96937218875844 -0.0246945943917661
-0.0799802992974399 1.97134747651202 -0.0246856929142138
-0.0670481194310163 1.97554433537825 -0.019804238024459
-0.0671534829766015 1.97335286416538 -0.01977730987856
-0.0545565269330014 1.95878697224209 -0.00611644198849289
-0.0690891567026768 1.95121988139733 -0.0134000994879134
-0.0819018296103374 1.96380014885385 -0.0217404159894203
-0.0796942768129723 1.96795394172424 -0.0261266654593149
-0.0606759857394497 1.96605484458649 -0.0242085390061448
-0.0506510315822115 1.95799471277908 -0.0192956452580431
-0.0534548785905897 1.95860355240919 -0.0158869529784836
-0.0658054349608823 1.96794000793509 -0.019284576669749
-0.0681827156196758 1.9705162916608 -0.0227050106788039
-0.0592460891726927 1.97994395436013 -0.0173729782404361
-0.0485588358105402 1.96369840519721 -0.00954126660712853
-0.0467372736610389 1.94956040517766 -0.00073337055461125
-0.0559508527567259 1.94348900430874 -0.000732541764166318
-0.0612062135406006 1.95335128747482 -0.00856654033307464
-0.0643569296216105 1.96241048075221 -0.0163178654211502
-0.0544284041583746 1.9651467027919 -0.0168199012773657
-0.0441586418729351 1.95729936542943 -0.00904953738849914
-0.0451396439708131 1.94556165937035 -0.00514017993479794
-0.0604486424200351 1.94966426722365 -0.0119497364734754
-0.0711193864626937 1.96702922917423 -0.0202789290784092
-0.0641949087248748 1.97743843754983 -0.024183343153252
-0.0485511244008733 1.97415082364477 -0.00855946524937376
-0.0402107072007648 1.95854045810597 0.0017109613604537
-0.0491287751749023 1.94897686711664 -0.00122138752747991
-0.0677791632057637 1.95753052520232 -0.0138876222985091
-0.0674643021423354 1.95539151362753 -0.0139046265866456
-0.0720052239552364 1.96559234944081 -0.0212620111525518
-0.0599321783811127 1.96756066128309 -0.0168789078368429
-0.0599556175938621 1.97212718612628 -0.016860515261979
-0.0421593833535159 1.95202883280364 -0.00562761691931874
-0.0421589682251998 1.95480857504836 -0.00561746515662795
-0.0793521593770465 1.96217274367778 -0.0188324787124814
-0.0803256834721984 1.97324356434809 -0.0203059314675515
-0.0616286025179643 1.97015017376216 -0.0149051082084901
-0.045606083040013 1.9554888650807 -0.00268420178530359
-0.0525330144626685 1.94775890863555 -0.00463734858832862
-0.0759843201771773 1.95254926984993 -0.0148594066803268
-0.084903743044887 1.95724432776006 -0.0271059031615392
-0.0765219719287667 1.96703302264761 -0.0291135212239938
-0.0518748480912956 1.97217226484466 -0.0265837310695276
-0.0401963275223358 1.96909935757018 -0.0221968311614561
-0.0475811614836873 1.96952874924277 -0.0183486269389682
-0.0636664458388246 1.97675817570288 -0.0242139134960344
-0.066581320485547 1.9855430102893 -0.0305013580364779
-0.0593966784296827 1.98248656204609 -0.0323998361843324
-0.0446518962093411 1.97401025853721 -0.0217651621574878
-0.0491073215233761 1.95936116974836 -0.0153938173910609
-0.0657130338719234 1.95528252606121 -0.0187864752955074
-0.0830703979028258 1.95949241512053 -0.0300078417794129
-0.0822147478679483 1.96618563047577 -0.0373499680265467
-0.0821422637043016 1.96728368582754 -0.0374427503175157
-0.0544097233638167 1.96086801300879 -0.024114494571854
-0.0574784751935468 1.96030459727146 -0.0251095885839767
-0.0743314396525444 1.96802893448033 -0.0339858576265226
-0.0744586100706893 1.96965044756687 -0.033959025019743
-0.0770962131077649 1.98150884711944 -0.0383487244286981
-0.0621051175372664 1.980567953459 -0.0320080932544359
-0.0470399052867502 1.97099548029832 -0.0173686044063285
-0.045182357518092 1.96910946850146 -0.0119751334731975
-0.06310653172174 1.9647389122356 -0.0178636717693057
-0.0806353225255945 1.97869943976127 -0.0261405194910868
-0.0779007696185155 1.980733807618 -0.0286174855818511
-0.0583092988380867 1.97223936259453 -0.0138882461698355
-0.0582214913633684 1.97222791829643 -0.0139042091126685
-0.064598670337217 1.95510687535636 -0.00852909778821155
-0.090947343873446 1.96414174768545 -0.020755501963676
-0.101313667906368 1.97032547924132 -0.0280288258645122
-0.0836650161232972 1.98100529985429 -0.027121384762138
-0.0618249184797917 1.9678139785155 -0.0134040401525582
-0.0534841497581575 1.96435982000786 -0.00854234609878768
-0.0700320159680145 1.96959877335538 -0.0134232684040003
-0.0865430306758541 1.97509623781136 -0.0227588927327308
-0.0868009492295084 1.98937850828798 -0.0261260552224492
-0.0866474978336635 1.98166300209377 -0.0261276771425789
-0.0535895171859726 1.97212328341342 -0.0105135631362271
-0.0554770279199809 1.96338978418509 -0.00905564827015379
-0.0716235892194657 1.96149364253094 -0.0153837794754386
-0.0814569515677117 1.97631502851719 -0.0246814820973223
-0.0746445337010823 1.97349302710391 -0.0241729591097962
-0.0618634628039546 1.96951812670328 -0.0173252899019721
-0.0568810144180321 1.94739205643758 -0.00805325514504421
-0.0676358875641645 1.95032041362018 -0.00706318178489395
-0.0674930371337432 1.94972371860849 -0.00708480400489625
-0.0784413485716638 1.95065268324111 -0.0139147274163204
-0.082598804837469 1.96186636892348 -0.0285408096629766
-0.0713638111260908 1.97772948598263 -0.03489686207169
-0.0584419425415839 1.97005580583851 -0.0227149310603527
-0.0495767821522074 1.96333933726739 -0.0134515796938653
-0.058955543488253 1.95788334188007 -0.0158316160745878
-0.0588962922536539 1.9577839310422 -0.015832939317504
-0.0712016055617932 1.98150379919349 -0.0266055419316518
-0.0589254422709421 1.97921935943571 -0.0192743527038601
-0.0466288851365785 1.96946441091724 -0.00513752170542443
-0.0471123102324871 1.95225608457108 0.00170790591322331
-0.061649088112621 1.95149957716367 -0.00317774579179946
-0.0704951004678425 1.95834355621947 -0.0144283498805258
-0.066230698109668 1.96037055301639 -0.0153941709826703
-0.0515859894550421 1.95288167049854 -0.0070647396264398
-0.0446942570519958 1.9356217143861 -0.00415917398633837
-0.06287312632972 1.93506640917984 -0.00950066618891911
-0.0758581326879831 1.95588265013343 -0.0217393014164371
-0.075912467377568 1.95448525036905 -0.0216985588808184
-0.055013349121889 1.98051044529968 -0.0178066978130353
-0.0403445756284461 1.97372467923905 -0.0109701681316356
-0.0392532404944291 1.9595631214029 -0.00464363235793096
-0.0553223308794462 1.96205644746258 -0.00511710134053194
-0.0700812161293705 1.96308724023466 -0.00953109572991173
-0.0707047991834317 1.96028836718541 -0.0124729784666664
-0.0533752275841311 1.95992784888615 -0.00856365102471571
-0.0392914861609984 1.9496387520119 -0.00171105216632956
-0.045677902624902 1.95012278969445 -0.00464344627713562
-0.0456083229837885 1.94970514302821 -0.00464894797341013
-0.0631879480382126 1.95939750007923 -0.0124499734449798
-0.0744025320525371 1.96900815109664 -0.0193068062047206
-0.0744766310587666 1.96061438960315 -0.019311313650168
-0.0525829701958741 1.96266712975703 -0.0129296503026801
-0.057002969411285 1.95663658427757 -0.00905147212788925
-0.0691205318095677 1.94775257306584 -0.0129631648433526
-0.0789694920518575 1.96168326310073 -0.0216978367085877
-0.0740360329141272 1.97170316556314 -0.0276565766972744
-0.0574752424811288 1.96458753167998 -0.0256085709701029
-0.0447016942429895 1.96429965173538 -0.0188109614917715
-0.0490212567727343 1.95754823006267 -0.0158474946860183
-0.0616599597737032 1.96878886569952 -0.0242190978968245
-0.0689916597752353 1.97129669308671 -0.033488465628434
-0.0584947947076179 1.97987340973744 -0.0319509394572173
-0.0451353481285971 1.9761622713932 -0.020768155759952
-0.0378510998260856 1.97236521028326 -0.0139135833691343
-0.0515223655052167 1.96051536171743 -0.0163875570290857
-0.0731621480563958 1.96356426054122 -0.031570912148927
-0.0809606270264212 1.97243747485294 -0.036833166568984
-0.0705067271021342 1.97285393321031 -0.0304804012110679
-0.0538830578765168 1.95586137799416 -0.0226890105718063
-0.058453217233094 1.94989492641166 -0.0222562660357216
-0.0738479896738573 1.9623641999051 -0.0319638124822856
-0.0858651580450939 1.97637696240159 -0.0427955874934941
-0.0797633703704797 1.98371466701442 -0.0398728913924665
-0.0592395268012586 1.98160507557784 -0.0285270460834927
-0.0442199994536029 1.9794143054329 -0.0149163035420738
-0.0505921398312557 1.96598916484277 -0.00953259001166789
-0.0505687686798998 1.96202898059975 -0.00951972175711318
-0.0704694508412608 1.96535683801893 -0.0178502549153282
-0.0782844168655426 1.97253839234431 -0.020789105597952
-0.070995584755862 1.9730351396482 -0.0168670435023971
-0.0710217531637112 1.97474309004864 -0.0168149052101016
-0.0549245154480973 1.95766504140154 -0.00706358002135959
-0.0660342620585972 1.96168712297377 -0.0085484954952241
-0.0838389561889866 1.96676196690416 -0.0188325675630742
-0.0836423759751087 1.97759403370932 -0.0251560726996736
-0.0724929792373192 1.9786951362394 -0.0212778193473109
-0.0594158139229591 1.97008262153648 -0.0129084731057483
-0.0618901540899382 1.9573903504094 -0.00756765508315701
-0.0761128119224651 1.95779989202107 -0.0124245588951965
-0.0857895806601776 1.96709345289311 -0.0246189645736925
-0.0816350155293789 1.98474559623522 -0.0265477350708603
-0.0657993760696615 1.98082382506491 -0.0202941290411683
-0.0657510161755256 1.98340817549936 -0.0202641501650031
-0.0628622350267132 1.97176711885093 -0.0104999850450759
-0.076912846860632 1.9752479736095 -0.019285653408947
-0.0831208846851946 1.9802571011106 -0.023230657864449
-0.07219241233992 1.98001259368081 -0.0212173023867106
-0.0598904496846915 1.95889394971636 -0.0090511048868721
-0.0593598002928404 1.95615671906562 -0.00219756463929067
-0.0739003211392769 1.95178583268956 -0.0119746789451479
-0.0896258865415603 1.9625246380761 -0.0231702765056288
-0.0850819592619403 1.96622968729078 -0.0295792462862288
-0.0646522209107431 1.96544965904098 -0.0222542285834127
-0.0520135570366349 1.95471429394412 -0.0153654151426725
-0.0519245537063408 1.95534187348532 -0.0153824503475794
-0.0607185409566136 1.96467464376697 -0.0173450944443473
-0.060718053864471 1.96104063071815 -0.0173101568286611
-0.0811292677969633 1.9811033446433 -0.0319969600251038
-0.0622233491779155 1.98167935938686 -0.0241430339121075
-0.0428005874406458 1.97527731448353 -0.0124460794613899
-0.044711216807943 1.9722490794728 -0.00660383031892866
-0.0446050708750639 1.96710607432578 -0.00657924888577297
-0.0749725493068082 1.96654191842097 -0.0134095032898864
-0.0705927346777989 1.96082786965433 -0.0119786268145352
-0.0557763686009492 1.95847041647634 -0.00560517101371687
-0.0481479444699822 1.94264768518766 -0.00170785620669422
-0.0534086509512773 1.93716325475187 -0.00463816399686847
-0.0704549360881652 1.94867116085546 -0.0168346622137287
-0.0723415441320693 1.95905596691581 -0.0256328939941247
-0.059843685606599 1.96931357806986 -0.0246187405040801
-0.0445891389121376 1.96979869912912 -0.0148684088263139
-0.0446245745868874 1.96678754148659 -0.0148716586798463
-0.0499594794064657 1.96930570316237 -0.010497658828363
-0.0618974613242113 1.97612701232898 -0.0129584294327636
-0.0617760197621256 1.9772019577265 -0.0153574164605514
-0.0523643908784943 1.97607934824377 -0.0139071192541747
-0.0433103926844576 1.9577935435475 -0.00610701142359193
-0.0456624638741764 1.95666211246169 -0.000730791949654673
-0.056501835728516 1.94698558670859 -0.00416011640005681
-0.0662735287474824 1.95304206358963 -0.0154164443481141
-0.0638201592293221 1.95934419181495 -0.0193053363672737
-0.057924915378379 1.95372024662932 -0.0144088732470487
-0.0578587305473929 1.95560821685887 -0.0144296125164248
-0.0578920504310523 1.95098952848103 -0.014415049677364
-0.0618508526017539 1.94718172256978 -0.00902581405809683
-0.0618108215093596 1.94814180307541 -0.00903271179730967
-0.0803322939089836 1.97241617089167 -0.0266382596144661
-0.068975175857071 1.97922368356321 -0.025091220335389
-0.0508989175602393 1.9706337543437 -0.015352756616655
-0.0510515092794337 1.97267562309667 -0.0153527560461736
-0.0560438784797189 1.95357646991423 -0.0173240407512279
-0.0724992486194377 1.96449212234662 -0.0280753029656987
-0.0716988622907104 1.97190680417915 -0.0329868245154627
-0.0538645900445476 1.97096205062748 -0.0217476133902206
-0.0367799462277337 1.96872629748943 -0.013416296462515
-0.0402792743251212 1.96330969672255 -0.0124248262531531
-0.0578327680882032 1.96565765881643 -0.016837947938754
-0.0577884976189061 1.96763152340336 -0.0168062219311363
-0.0765809437179185 1.96906171046183 -0.0309512743574261
-0.0612033022805557 1.96908162059031 -0.0226723398301417
-0.0520937110769512 1.95776479960908 -0.0188192504700287
-0.0563622864793409 1.96049094492907 -0.0260925062006003
-0.074117945332793 1.96726265121829 -0.0344829901217694
-0.0796468351464211 1.98169688280868 -0.0401889616355656
-0.0687006406178141 1.97819912889046 -0.0363995707474309
-0.0491371614352046 1.96834326982177 -0.0255727838150258
-0.0451426763079036 1.96301395921076 -0.016389912135948
-0.0544978967034994 1.96667926949588 -0.0187977354155811
-0.0701000698476243 1.96904627200177 -0.0246134449712415
-0.0719654762986182 1.97210200549186 -0.0271209277303136
-0.0621526541055203 1.96219969886017 -0.0192666757879279
-0.0624084531334917 1.96897767359238 -0.0192645785035382
-0.0545582119032084 1.9621043937569 -0.0105147823787458
-0.0543632627801851 1.9626838359056 -0.010503037746128
-0.0726888319594523 1.95827684060306 -0.0197405627710323
-0.0821870636048098 1.97385271410601 -0.0260714877731432
-0.0760476131618991 1.97068831844017 -0.0261773010766649
-0.0619097987686398 1.97221941941519 -0.0154069893924009
-0.056907264256461 1.96080461158634 -0.0124796305505681
-0.0687294499267026 1.96163798056929 -0.0148660191333284
-0.0822204459987403 1.98000331082227 -0.0237378067776404
-0.0823253934070554 1.9742332269057 -0.0236887834577589
-0.0679542257267 1.98130860778831 -0.017334029758023
-0.0515892169295281 1.97403617233969 -0.00560776688159058
-0.0538397683975954 1.96846999082361 -0.00560802918094033
-0.0746391328668302 1.96855011155606 -0.0144387876642175
-0.0882657958551969 1.97568280946291 -0.0216737735383358
-0.0817277175767575 1.98233933479736 -0.0232055423244242
-0.0656955241526266 1.97102120852862 -0.0148577099148984
-0.0584815822027433 1.96049889058021 -0.00805462701445933
-0.0670871551137905 1.95745043345091 -0.0129106281145378
-0.085321461166917 1.95258653220392 -0.0217248352202585
-0.0848929303335009 1.96203489399057 -0.0280096277059537
-0.0740254131966997 1.96397421893128 -0.0217535477857306
-0.056006506307436 1.96115543691572 -0.0144080122038984
-0.0584921763498968 1.95583241562923 -0.0163401894076648
-0.06844845861457 1.95970853922402 -0.0256928759559868
-0.0778617006523922 1.969925483918 -0.0333874508022154
-0.0724145791815512 1.98902298692361 -0.032059252284849
-0.0726798214609316 1.97942552413519 -0.0319281427395081
-0.0515225556754233 1.98320598306041 -0.0236368123359759
-0.0447014261241611 1.97310862139126 -0.0114878671414637
-0.0528904017299756 1.96568698039925 -0.0109799318667366
-0.0711635646650695 1.96518281291278 -0.0138855849374546
-0.0730564264563715 1.95985740582388 -0.0144369738773637
-0.0645803354630208 1.96156530708772 -0.0129092223021279
-0.0555536022222112 1.95588094404451 -0.01101135231287
-0.0555015034339826 1.96209799147701 -0.010979803961878
-0.0628793059652327 1.94535492492091 -0.00854315215007517
-0.0721424910855715 1.95722250547547 -0.0134468044763081
-0.0707307576372562 1.9562671696295 -0.0202138378063837
-0.0568415668885019 1.96283572474832 -0.018287903775169
-0.0471084401415878 1.95758769899411 -0.0100187703057672
-0.0474890207887278 1.96063673841033 -0.00853897036348722
-0.0568302004041338 1.96197109203001 -0.0104862341471573
-0.0657889624815504 1.96340071006523 -0.0129293705406874
-0.0607792435319481 1.97290260649867 -0.0158621805566425
-0.0475675069065676 1.96320053434268 -0.00755212340232436
-0.0402938335679165 1.96312245390233 -0.000730996283785156
-0.0477106592468897 1.95395867617874 -0.00316877542807174
-0.0637567072105278 1.96007160986926 -0.011447368586862
-0.0669968548813556 1.96133313085896 -0.0158327988215227
-0.0672226812574364 1.95881753967047 -0.0159066552346071
-0.0669914832675493 1.95485144199833 -0.0158361469787723
-0.0457052343600788 1.95827916452111 -0.00756682885457976
-0.0557754703575227 1.95933295626844 -0.0158482200429718
-0.0690772532007379 1.96706176880738 -0.0231978381188828
-0.0685747910863008 1.97221536856254 -0.0222100521567675
-0.0684944663858241 1.96620535924108 -0.0222650769085592
-0.0684416818048214 1.97310008595436 -0.022191394099632
-0.0441685164772014 1.96606036733812 -0.010996060771779
-0.0442763654473187 1.9694997180256 -0.0109928481120782
-0.063098142051941 1.96795378234022 -0.0154152929959668
-0.0696057512928753 1.96669834933588 -0.0202382212438393
-0.0653099477807521 1.97297013982895 -0.0236332688643255
-0.0653021586677023 1.97197598905462 -0.0236538837886196
-0.0653289015453815 1.97880017368127 -0.0236932159794667
-0.0495005164837364 1.95138572267532 -0.0129632449921085
-0.0622381324402894 1.95290945937436 -0.0188431001611394
-0.0711529951918396 1.96183062459584 -0.0246605982194941
-0.0641835077329925 1.95937270140946 -0.0280249542565751
-0.0589708207716871 1.96343514121486 -0.0265763297930602
-0.0548943191958673 1.95895640835875 -0.0242010805309102
-0.0601824269486102 1.97594984064359 -0.0310684718471202
-0.0680297872861782 1.97837257340043 -0.0377674808440623
-0.0661145603646703 1.99415768719085 -0.0397954638197301
-0.0563207994095056 1.98815154638039 -0.0344191395999192
-0.0495568798085896 1.97033222912133 -0.0251167968351368
-0.0550395879632812 1.96982802144679 -0.0217367537906067
-0.0648206745653824 1.97068148271144 -0.0266002486607009
-0.0735448330482686 1.97462283613718 -0.0276075113924222
-0.0734985907898181 1.97848323975565 -0.0275519944456124
-0.0539170705756392 1.95986383778284 -0.0143972420539612
-0.0495374169290908 1.95004912602139 -0.0109812382240285
-0.0695605327597417 1.94856385291877 -0.0183174219901604
-0.0851573947021971 1.95827922567523 -0.0280614637124637
-0.0835771018022798 1.9641946544096 -0.0285684658597827
-0.0837816306803408 1.96885531205428 -0.0285549036968383
-0.0733615915179074 1.97137334736786 -0.0217519489221668
-0.0603373771142371 1.97266141893293 -0.0173307144729029
-0.0622341829509626 1.97275555107666 -0.0192430748218161
-0.0701092726136803 1.97995209608494 -0.0242290544456398
-0.0772876379519732 1.97749214871121 -0.0246334198047118
-0.0730507906402636 1.9776209013173 -0.0158991033000941
-0.0627924286963353 1.96326616374867 -0.0075814140304265
-0.0594056076281315 1.96009072510358 -0.00219380458176343
-0.0675462796423434 1.96888942708903 -0.00952950000257793
-0.0734937005785737 1.97700760540771 -0.0144038454359046
-0.0706292304785348 1.98314875845957 -0.0143905613283041
-0.0642209153872401 1.98292533761017 -0.0139089687918151
-0.0662644260184455 1.96996813887728 -0.0119638438893498
-0.0710637085753887 1.96518718941311 -0.0114645292336537
-0.0847482982815264 1.97007853638189 -0.0129497884372522
-0.08533576556419 1.96979027555872 -0.018846071806292
-0.0802258859734078 1.96995462778672 -0.0202471022295833
-0.065770952040675 1.97390371700776 -0.016388265878706
-0.0587489539167379 1.96437147231737 -0.0173195777368856
-0.064279299228554 1.96517258371949 -0.0212156757947505
-0.0681103996065354 1.9731947502221 -0.0251893879523181
-0.0694969955324794 1.97346003083517 -0.0231563834397946
-0.0632987484582348 1.97081460656106 -0.0232340584888323
-0.0573305567051801 1.96625829534777 -0.0192651514345212
-0.0550001646632561 1.96425427660103 -0.0129153699940161
-0.0613741134866621 1.9620752849036 -0.0119667268822876
-0.0711764395509968 1.96628107996107 -0.0163812072012503
-0.0708903538927977 1.97188332102466 -0.0163920428092273
-0.0711647946735699 1.97223076009466 -0.0163376146881813
-0.0638385023254593 1.95736819258737 -0.0168616471061725
-0.0636173105058976 1.95981186857072 -0.0168262531788866
-0.0636773378331646 1.94747126751291 -0.0129223202334515
-0.0735878110420035 1.95069956923563 -0.0182792477352205
-0.0757970208414748 1.96094181826182 -0.0236405327472584
-0.0684775035691311 1.95573187128513 -0.024167778156057
-0.0543867677699002 1.96463234866189 -0.0193209730503364
-0.0460681791501741 1.96210321944244 -0.0158551532242344
-0.0486321981954661 1.96409967381734 -0.0168816503527356
-0.0572505092815325 1.97793641206632 -0.0226861592565687
-0.0608809567997117 1.97298696674409 -0.0183538238887237
-0.0552868558709323 1.96532829861675 -0.0114535945553944
-0.0436085420550073 1.95906478480199 -0.00365489501738452
-0.0418040514615569 1.95438151663295 -0.00170628452980315
-0.05288907411588 1.9605093682068 -0.00560994971793925
-0.064110659383732 1.95974839238898 -0.0119569290911121
-0.0641620830168239 1.95915451726449 -0.011960032914611
-0.0524479565019053 1.9516847120332 -0.00706886643311405
-0.0456324998025372 1.94812485805002 -0.00757669484706625
-0.0491861685533346 1.94370971256441 -0.00706310031679887
-0.0655216829332482 1.94954967671602 -0.00950313112886453
-0.0700449726675473 1.96040473697405 -0.0168182759653024
-0.0612789329660384 1.96123853257326 -0.0178168476440745
-0.0509458661166631 1.96110955731028 -0.0163915123818801
-0.0500318986864102 1.96258562314358 -0.0124613539981293
-0.0567510193653186 1.96658116599203 -0.00999764341288026
-0.0621184339908723 1.96597604112865 -0.00856153331566033
-0.0622584549420745 1.97153352030793 -0.00855904945558049
-0.0626471101284503 1.97338818080893 -0.0124493408827091
-0.0594704982073954 1.97039184357373 -0.01686076376614
-0.0544825599884489 1.96373183562832 -0.014389245369632
-0.0588396842830419 1.9582030523403 -0.00903082638137953
-0.0638713869447975 1.96140249595205 -0.0119611668731293
-0.0677301010950045 1.9627319499007 -0.0168191829875789
-0.0657587695139565 1.95719092704216 -0.0168287783633099
-0.0558129625670814 1.95099997068276 -0.0173333158017318
-0.055922618127377 1.95258449429936 -0.0173366191751351
-0.0577584132038751 1.95666313186875 -0.0251214305402916
-0.0677557467068879 1.97016277992069 -0.0349586198929626
-0.0691818885536204 1.97463241182273 -0.042773058354874
-0.057480722514639 1.98711739967758 -0.039246178589327
-0.0489941449177355 1.98154787597659 -0.0324682621165562
-0.0480342561111889 1.976669129378 -0.0265478445925593
-0.059794884429814 1.98332771913179 -0.0319727492299216
-0.0705711387209126 1.98642747314433 -0.0344618105702139
-0.0715085719589129 1.97620217765078 -0.0296001890888183
-0.0632399766681182 1.96040707901142 -0.0212584259205897
-0.056955470995859 1.95688222835334 -0.0158707629126984
-0.0618157226834548 1.94967936756602 -0.019295035917281
-0.0686189312496601 1.95387037030524 -0.0260926770667901
-0.0730732859426504 1.95998662245375 -0.0294908269285759
-0.0675045173114468 1.95799245114091 -0.0285276206543239
-0.0617561796799827 1.95689107418727 -0.0236663932145588
-0.0598324310384177 1.964957849397 -0.0256058462677732
-0.0599321864110018 1.96543274164709 -0.0256987304104115
-0.0598617609123338 1.96275019471919 -0.0256964518801844
-0.0731519339258689 1.98032686298192 -0.0320364386729944
-0.0733785659086487 1.9750456357102 -0.0276481439505766
-0.0650684707349884 1.97311046505436 -0.0173695589392034
-0.0625927338357012 1.97489090733853 -0.014882592700268
-0.0660294542469706 1.97773856402371 -0.0139037861223568
-0.0735018792688857 1.97240121396192 -0.0129098757558181
-0.0743286394837593 1.97424020071821 -0.0114628388153885
-0.0652998115611967 1.97924109970805 -0.0114635260079114
-0.0540774660624367 1.9696627871912 -0.00609822617417137
-0.0598226209620124 1.9650560622763 -0.00219330035992512
-0.0765601931604014 1.96249249096357 -0.00855369889050884
-0.0883319717843802 1.96717048164993 -0.0173309347426419
-0.0879868456920597 1.96405485318394 -0.0173562265028934
-0.0751388030405892 1.97907645639508 -0.0188316657727994
-0.0652691238631953 1.9773779192788 -0.0129508153887945
-0.0661726513173578 1.96527341298072 -0.013425319086921
-0.0661852932390816 1.96471872973429 -0.0134387946260891
-0.0765346577101376 1.96946907351885 -0.0231505359225286
-0.073106136569177 1.97630971632088 -0.0250937244442188
-0.0621198822293096 1.96618904217686 -0.0197342764601563
-0.0623159716536955 1.97216550460249 -0.0198204675074662
-0.0636086685078528 1.96970921450601 -0.0149220751245656
-0.0707318893719625 1.96820009093151 -0.0168448956492174
-0.0680602190518745 1.97421425944762 -0.019267440281488
-0.0681222388197783 1.97349695138861 -0.0193337819082237
-0.0603363965478648 1.95647691422167 -0.0105087064869521
-0.0646117217217632 1.95958030078245 -0.0119486681735688
-0.075496540006712 1.96043998008183 -0.0212144965203244
-0.0755428360825546 1.95878696383148 -0.0211985378248264
-0.075283736359527 1.9593760212353 -0.0212083971981273
-0.0679556326331893 1.96100556244824 -0.0212300105739306
-0.0553205702048335 1.96037705229797 -0.0168599016757627
-0.0554249566555727 1.95953003258153 -0.0168375035346151
-0.0509574982958837 1.96337504323616 -0.0159051910630594
-0.0631187831713815 1.96367836157439 -0.018808613871038
-0.0650374383767057 1.96980413640212 -0.0202406965047197
-0.0555315317399393 1.96227445417678 -0.0109815990208026
-0.0465614076398611 1.95604446357434 -0.00610358604642067
-0.0466543320523352 1.95704711566823 -0.0100134814245689
-0.0553424236426681 1.9606834773021 -0.0124422257971176
-0.0554135618260287 1.9612568946744 -0.012459752704297
-0.0633872995917031 1.95120089163377 -0.00609028214417399
-0.0582427559443261 1.94130317550016 -0.00658904123334579
-0.0548208367479329 1.94952813312121 -0.0105068349050264
-0.0607632136354867 1.95508685444074 -0.0110002383517534
-0.0662940457449135 1.95056336199937 -0.0134305706927145
-0.0666245094716961 1.95940926075929 -0.0149029474571994
-0.0617395533126941 1.96483029310282 -0.0134261712000238
-0.0519216313771544 1.9600857040319 -0.0124754389309485
-0.0499949226051125 1.95518408179367 -0.0110119237909214
-0.0568100990937143 1.96611030873087 -0.0153634122605701
-0.0661050358266002 1.96601494509756 -0.0197439614491392
-0.0635921947827017 1.97288245590019 -0.0198012208610576
-0.055042555752279 1.9664906688716 -0.0144097334172329
-0.0548126160965094 1.97286651434358 -0.0144067067356269
-0.0515161156921918 1.96477668830091 -0.00561285683293736
-0.0647282580541102 1.96367471233913 -0.0119903794383749
-0.064611981352973 1.97081415619391 -0.0119748605877813
-0.0734590407814179 1.97200405645891 -0.0183522788265523
-0.0696367839889128 1.96040467076177 -0.0168483821889953
-0.060830554663906 1.94734944110414 -0.00707965775753777
-0.0606411677563917 1.94886921867745 -0.00707681861643945
-0.0612833795765711 1.94756863626867 -0.0173386295551936
-0.0694172072381415 1.96449843953436 -0.0265697293146988
-0.0695512387053953 1.95970068019954 -0.0266718070247715
-0.0608621176523295 1.97403161329992 -0.0275399839908142
-0.0470403277554351 1.97362026487922 -0.0212710761253331
-0.0476354476029601 1.98242828789175 -0.0241303496161534
-0.0540802705698784 1.98624892487274 -0.028141863551549
-0.0613988926205093 1.98821348816023 -0.030975643665334
-0.0608457250509078 1.98899070136553 -0.0275219828833816
-0.0587675488944925 1.9745867234859 -0.0231528907271588
-0.0588047740208724 1.96182906685157 -0.0202711069424271
-0.0647515841100161 1.95666004243463 -0.0221669784612346
-0.0684828304207017 1.95941123404532 -0.0265982003776142
-0.0726241382828886 1.95521812427882 -0.0280615378612867
-0.0676775187813996 1.95930663124439 -0.0265679274261274
-0.0651787657465908 1.96362407971877 -0.0246277225605426
-0.0637471720573593 1.97065986225067 -0.0294725520882421
-0.0636603094336752 1.97186588679974 -0.0325189106441864
-0.0672748070675199 1.9728921950216 -0.0310452643548265
-0.0661154800681416 1.97201754167619 -0.0261637024745064
-0.0646833404148136 1.97295255722197 -0.0207971507669343
-0.0607722424509728 1.97616060659249 -0.0241819982834124
-0.0631585388505232 1.97664994730945 -0.0227055850591758
-0.0632565667073087 1.97232379053002 -0.0226533336819911
-0.0633462013387359 1.9780937564316 -0.0226656346648787
-0.0651892989074396 1.96844308667348 -0.0158584326839616
-0.0652895149867303 1.9721729834146 -0.0158479066251931
-0.0651183404143286 1.96987258858724 -0.015869134882929
-0.0690856384333075 1.95206385770374 -0.00950040412917935
-0.0753599224086513 1.95909537322865 -0.0148606399337707
-0.083350996409655 1.96901966219283 -0.0163281089052565
-0.079244910962104 1.96847606702905 -0.0168718632792629
-0.0734220195471187 1.96574450401164 -0.0153867440716781
-0.0725805963156727 1.97081835468389 -0.0133980645491064
-0.0724242617022977 1.96717573964244 -0.0177860518291618
-0.0772379718685099 1.97043252249993 -0.0198229421076179
-0.0808630045895922 1.97713451443338 -0.0236757048042317
-0.0787826851576058 1.98034847424217 -0.0212336565573791
-0.078753741185336 1.97203821694779 -0.0212720745664373
-0.0612570155751936 1.96730656807853 -0.00854916922664195
-0.0617152385128783 1.97553095475764 -0.0154006044147551
-0.0697433590221313 1.97261844376949 -0.0211969632367688
-0.0720496131985575 1.97544385307958 -0.0207824510705533
-0.0694920695886766 1.96454094510545 -0.0148699342393756
-0.0650896764029529 1.94599932089996 -0.0104991078298305
-0.0681579013959958 1.9486974966187 -0.0114462651626699
-0.0749249951438892 1.95571528156819 -0.0231971408892972
-0.0767542370121686 1.96959165939934 -0.0294966084890558
-0.0675106045576992 1.96418199602848 -0.0246537630032896
-0.0579133722342648 1.96612857110301 -0.0138947871520346
-0.0534453347135842 1.96846622870938 -0.0114808693642635
-0.0574788378373247 1.9727787161924 -0.0187584142131312
-0.0574250579007054 1.96517662398158 -0.0188213004500256
-0.0573262814386637 1.96638961195672 -0.0187985980585301
-0.0651647505950078 1.98167954206906 -0.0227098446706783
-0.0592248778397403 1.97502792768967 -0.0168171875647046
-0.0530988079806954 1.97077358469513 -0.00805493773047114
-0.047536836245177 1.95389339705673 -0.00609515852503484
-0.055943734997122 1.95357105712632 -0.0100087328948596
-0.0643200247584396 1.9577289365264 -0.0119447004939447
-0.0637536993036671 1.95220379320679 -0.0114712422996489
-0.0608965158027803 1.95230310128706 -0.0148913670409378
-0.0607327852724952 1.9480684989522 -0.0148810187973236
-0.0559197007934799 1.94581459127279 -0.0124599448605014
-0.0572502066588295 1.96098387177808 -0.0197834077834538
-0.0574470785705223 1.96244137599762 -0.0198211384997313
-0.0533583044090746 1.96949285278436 -0.0193099413715618
-0.0470674018798023 1.96349466268915 -0.0144153864080882
-0.0500358149404746 1.95785701729652 -0.0104991906305334
-0.0564150834976477 1.95600027563412 -0.0134449815792256
-0.06036596394418 1.96158977110025 -0.0163195600662961
-0.060427872247984 1.96327064606373 -0.0163858205321447
-0.0510159588837482 1.96708060228848 -0.00903789408798325
-0.0436448508838446 1.95792027497737 -0.00122217459631388
-0.0480033078963328 1.9517483828267 -0.000732374206329058
-0.0614043691531535 1.95529938703501 -0.00856131890456787
-0.0680293171466007 1.95907783039918 -0.0148950410279795
-0.0704443827555148 1.96063912032573 -0.0183260255602196
-0.0705551559776534 1.95950614555987 -0.0183161848085924
-0.061660202229906 1.95230770972833 -0.00562178901505603
-0.0617507764327771 1.94933603246237 -0.00561790107909752
-0.0617672715112898 1.95364357214842 -0.00562492815712893
-0.0708702061913169 1.95592158016234 -0.0217327297129158
-0.0705955390079701 1.96888545163932 -0.0260985894200673
-0.0655867352256926 1.96351425468565 -0.0222169534630347
-0.0573641248432386 1.96513051922384 -0.0163756984485363
-0.0543114365842713 1.97010719798058 -0.0232262086844529
-0.0550344664564179 1.97294573267443 -0.0241735674663223
-0.0580012671205899 1.9817169420796 -0.0242148254636121
-0.0548763623690551 1.98685401509671 -0.0270383203657111
-0.0524689659081061 1.97991051245905 -0.0232239653928066
-0.0560482696669818 1.97353335638107 -0.0187790652138311
-0.0616158592010427 1.96898459303687 -0.0261798069070579
-0.067647968984953 1.9708622586431 -0.0285973870429459
-0.0697390308912469 1.97043729961274 -0.0280581627048715
-0.0700046509008198 1.96507619613368 -0.0294859605095664
-0.0633160656872637 1.96147078099369 -0.0291095666264436
-0.063345754292447 1.95829933703141 -0.0286323394069727
-0.0690780713908124 1.96858118729332 -0.032536879347287
-0.0725647818430109 1.97273558645511 -0.0324895109202836
-0.0684522724298979 1.977408945937 -0.0323981484804858
-0.0578825591986092 1.97141533142141 -0.027652457091981
-0.0574036283131576 1.97203368744029 -0.0211915307511306
-0.0604540951999212 1.97007871845499 -0.017321330910652
-0.0686176249914412 1.96677662982018 -0.0202263519213308
-0.0710223265891932 1.97177614948271 -0.0246786300798856
-0.0671710963215412 1.9688175455834 -0.0163436094215232
-0.0631421412395281 1.96470342843612 -0.00999491107029424
-0.063705969484837 1.96184618175581 -0.00757171682245277
-0.0667353829643747 1.9725949856509 -0.0124327615452416
-0.0665752440797479 1.96485065766559 -0.0124499844866249
-0.0714711703677183 1.96873502685493 -0.018270541134497
-0.0711072196109619 1.97503051578879 -0.0197271148990553
-0.0711131896390633 1.97084614791732 -0.0197308600267037
-0.063724436809554 1.95413444162282 -0.00902381917697567
-0.0703871917227158 1.95888143552737 -0.0154131256999836
-0.0787744648319793 1.97776694129162 -0.0261890826049365
-0.0789418640253682 1.98908821369966 -0.0290489249587093
-0.0702204384531648 1.98772487532853 -0.0237327851727799
-0.0645869081184911 1.97884263487495 -0.0158615372844989
-0.0613811623066489 1.97857063970485 -0.0124272961082571
-0.0631740605098017 1.96758538944785 -0.0129262223895792
-0.0704116728767568 1.97281965845238 -0.0168810149740226
-0.0753127556332671 1.96909540418522 -0.0216968941163359
-0.0699713750049727 1.96878408072448 -0.0148854448009159
-0.0673049036316763 1.9626392945609 -0.0105149749563552
-0.067021391273481 1.95751263967493 -0.0104883381335113
-0.0744025086650284 1.95340436581789 -0.0197480266478451
-0.0764045955655634 1.95985500610721 -0.0212466078582292
-0.0721553510575333 1.96437213540449 -0.0236851664665855
-0.0697502123718769 1.95749723671839 -0.021257479665104
-0.068647292132236 1.95491636356112 -0.0212526232807738
-0.0679858393880591 1.96328458261474 -0.0261161767310335
-0.0680850733510638 1.97703018811411 -0.0260878763423661
-0.0598430829799735 1.97863227144836 -0.0231820636687804
-0.0538521027510185 1.98348529234581 -0.0168729807396869
-0.048962680254457 1.97197117134474 -0.0114820118492143
-0.0530839490984187 1.96652647630647 -0.0105204564680301
-0.0528482837571854 1.96492048532965 -0.0105227676897328
-0.0618571948676269 1.95924546299064 -0.00756181694001921
-0.0687683752321395 1.96172162809674 -0.00951604051356247
-0.0687209058785936 1.95868212068061 -0.00952322764005939
-0.0578220074612531 1.95160251143383 -0.0129359753786743
-0.0579964247884777 1.94892244649388 -0.0129650404003652
-0.0524577415010543 1.94239342539661 -0.00561710091824351
-0.0592431135637262 1.96101396853175 -0.0134546014199642
-0.0633633919638672 1.96153603401928 -0.0197924775482024
-0.0622694107841951 1.96852208883937 -0.0197282588421518
-0.0514000909204965 1.96026877562912 -0.0119866473898258
-0.0470123340336564 1.95431805083376 -0.00659080077618547
-0.0490633219315981 1.96421566779681 -0.00951246480184439
-0.0559188155803719 1.97618156140098 -0.0178269846449603
-0.0558123885212673 1.97539004737301 -0.0158833024618443
-0.0559650089842755 1.97566157774479 -0.0158614813425261
-0.0494828428409685 1.95552186121326 -0.00219521976628012
-0.0491960768440247 1.95060684197021 0.000244470656726467
-0.0533414234134954 1.95185022444503 -0.00512533117175182
-0.0597196400257842 1.95936483526906 -0.0119474847574896
-0.0621514264129979 1.96850977361441 -0.0104983029229765
-0.0578997012674033 1.9634583281693 -0.00660068407331556
-0.0579682603489859 1.95144490892415 -0.00707118431154024
-0.0642279562252234 1.95187494606726 -0.0114960310456845
-0.0643167164275151 1.95190791552154 -0.0114793402995838
-0.0705056042815422 1.96244343519767 -0.0232197396824378
-0.063603109819211 1.96774439531395 -0.0207690537760099
-0.0631144019623808 1.96085641424384 -0.0207674458751315
-0.0613415988625852 1.95788808736634 -0.0221955806770358
-0.0612965458655974 1.9583530322231 -0.0222690116938404
-0.059464970182417 1.96613771846882 -0.0250930468592173
-0.0582570107277288 1.97502490673068 -0.0236455076895944
-0.0582554328005451 1.97588253728113 -0.0236772178520609
-0.0533957266759626 1.9670468954223 -0.022650829126518
-0.0486456377086839 1.96970104738063 -0.0183550764304098
-0.053908483489736 1.96093589311932 -0.0197726746882807
-0.057808809567265 1.96163902670811 -0.0222259953720606
-0.0641769302682458 1.97020253122167 -0.0270825764982443
-0.0633811032761474 1.9653442958014 -0.0295778240907792
-0.0631227280523747 1.957588456196 -0.0280530156273577
-0.0631373896446004 1.95693487425809 -0.0261526128808302
-0.0635871629679619 1.96645110230573 -0.0295781585471808
-0.0671358184997464 1.97257843580786 -0.0334264708739465
-0.0656585452126448 1.9821787025548 -0.0363590748318911
-0.0616722087456919 1.98188955732739 -0.0285277728515243
-0.0572710964916537 1.96502652676741 -0.0192947679064819
-0.0633106762796155 1.96927918633809 -0.0207678370794737
-0.0701833690162882 1.97504368041927 -0.0271381798191628
-0.0695443702764918 1.96835305532591 -0.0295271175923353
-0.0666520130596239 1.97087265801619 -0.0246054899801703
-0.0606771409666619 1.9689030289793 -0.016873715505144
-0.0582189280358222 1.96389894552152 -0.0119750433827558
-0.0661903626748614 1.96274249781702 -0.0139196785810041
-0.0703994478172754 1.96190413556156 -0.0197946054341483
-0.0745076241036554 1.96759768756803 -0.0221990363740559
-0.0675422601383293 1.96968485767601 -0.0163906335446661
-0.0637365599188216 1.96230043105826 -0.0100263725129814
-0.0670291314367115 1.96514787117321 -0.0124495965804023
-0.0672396819310638 1.9648228200947 -0.0124646637142386
-0.0753487594810792 1.97232595834279 -0.023181251399319
-0.0750604196400204 1.97659702129091 -0.0236404481444474
-0.067035364811798 1.97827001522653 -0.0221805454010703
-0.0621833531042314 1.96727438361552 -0.0134584539646811
-0.0655775386220015 1.96726792687296 -0.0139495073307401
-0.0754073195526757 1.96889139538567 -0.0207372240307413
-0.0819507140485188 1.98188047663959 -0.0250859093590186
-0.0744550046429434 1.98924081736956 -0.0188375049192412
-0.0607863339827979 1.98289452348662 -0.0104923818787052
-0.0584492556629532 1.97726969003306 -0.00512079835494847
-0.0642152753714874 1.96117251769611 -0.00512477678869165
-0.0750003437099832 1.96505742092469 -0.0119732732785552
-0.077340453440215 1.96533028613852 -0.0227186143007943
-0.0752744298389203 1.95923821857827 -0.0227242741507516
-0.0706672439070778 1.95308756440014 -0.0236841378521186
-0.0669839916981973 1.95491122673491 -0.0217449274787315
-0.06915843953292 1.95899649031221 -0.0222230802252497
-0.072367301936817 1.96650716582955 -0.0260778420029817
-0.0705018253541413 1.98515040480336 -0.0305001279715524
-0.060714633870812 1.98047507710336 -0.0265759353468378
-0.055521321269459 1.96864393559462 -0.0172909013995625
-0.0567772177660942 1.96346664475603 -0.00902386408549989
-0.0594306847288223 1.96365188579662 -0.0110047253176208
-0.0642689228563006 1.96357197268779 -0.0192580351582845
-0.0612075389036177 1.96908018117665 -0.0202469297111893
-0.0603190159833875 1.96196351812663 -0.016371745008138
-0.0582826050808635 1.94892915403082 -0.00853925249154986
-0.0572463004723139 1.945836897799 -0.00806102881399527
-0.0573153515291569 1.94075399477803 -0.00806053478585266
-0.0626958551364328 1.94395294659527 -0.0134087991406672
-0.062638160834044 1.94718177447548 -0.0134085524148424
-0.057945324418566 1.96094639075063 -0.0173253788468136
-0.0578089131096438 1.96083356639872 -0.0173592911675412
-0.0524041496402818 1.9513584000825 -0.00709096328396536
-0.0559206620993756 1.95820579360447 -0.01297169466049
-0.0587428261477312 1.96205861442273 -0.020277208604316
-0.0565232553244729 1.97590217666639 -0.0193270853068997
-0.0510573272003806 1.97938320591761 -0.0134160927256419
-0.0452357113645538 1.97194798611675 -0.00561462591712922
-0.0490563456742007 1.95857367449184 -0.00561193824283032
-0.0568136248870936 1.95199192843303 -0.0105038484725601
-0.0597801008353223 1.96379960294943 -0.0109863988519284
-0.0599012739181813 1.9594841331112 -0.010966471411366
-0.0495074455647163 1.96207501147317 -0.00464489271319784
-0.0504603117315585 1.95266576888291 -0.0041450226361737
-0.0598467889616732 1.95145849275298 -0.00954184210318859
-0.0691575333817859 1.95705976759902 -0.0138961393108917
-0.0648032432843436 1.966908293769 -0.0177878069417579
-0.0583428047786583 1.96690043113637 -0.0178301446158068
-0.0529628431416965 1.95558075135985 -0.0168726137415462
-0.0594100385354257 1.95747957642542 -0.0139091312441431
-0.0641758584053199 1.96431524118456 -0.0178199935331101
-0.0655757912977207 1.973337388364 -0.0256472278665373
-0.0578584974792336 1.98439363813306 -0.0208010117050876
-0.050141442730146 1.97097195849205 -0.0138814077843489
-0.0479949583613888 1.96378034869298 -0.00999413301020112
-0.0480011742949984 1.96430005699415 -0.0100338228740167
-0.0559283904592122 1.96197392321659 -0.00951504940997598
-0.0637534993904302 1.96107973111123 -0.0173119524141852
-0.0676728734365736 1.97150078932086 -0.0275607185799485
-0.0612796460667107 1.96533554367678 -0.0280201742322819
-0.0553539346767077 1.96268677746015 -0.0202608736680013
-0.0578072654265994 1.95506277898733 -0.0212737632658667
-0.0660911592854797 1.96310752158628 -0.0315648041290368
-0.0734430342326963 1.97383319667326 -0.042798632929917
-0.0736303083945512 1.98023690891597 -0.0427098196412182
-0.0573960739251165 1.98716973749143 -0.0324425571177211
-0.0495918998323627 1.97180544040874 -0.0232449620988793
-0.0587455821523495 1.97501606994664 -0.022665245497596
-0.0711449769388574 1.97679505043218 -0.0328879444361739
-0.0773677649995212 1.97555968252752 -0.038821572913155
-0.0657277090196272 1.97440013538311 -0.0299996053139239
-0.0530447934288547 1.96086262351651 -0.0163247500382581
-0.0540046361621324 1.95154579756522 -0.0178004134661723
-0.0694294650878474 1.95645441228045 -0.023661139295532
-0.0848781024245369 1.95990382470087 -0.0285070199224905
-0.0789395787280053 1.967110307642 -0.0255989869607463
-0.0660372181103143 1.96379533420649 -0.0177941287139855
-0.055870556534808 1.95997931564242 -0.0105198584147321
-0.0627051237224636 1.95854964135641 -0.0085312069864208
-0.0758171319217244 1.96510967995445 -0.0148964632792629
-0.0820878820979405 1.97124313308492 -0.0207897246547805
-0.0753072994130421 1.98584121436406 -0.0207761737703025
-0.0661924242635944 1.97268252262547 -0.0139057936639341
-0.0660388155967236 1.97181925667439 -0.0138882895248724
-0.0661334200751505 1.970693498649 -0.0139228886504775
-0.0661533195765212 1.97490616936803 -0.0139098483047136
-0.0724803996567318 1.98080164847818 -0.0138820908972026
-0.072006669343061 1.99197879449657 -0.0197578124816128
-0.068094132975002 1.99037308376814 -0.0187899642333617
-0.0636615295769114 1.97277361577657 -0.00609789857700336
-0.0675889518038216 1.96111340227259 -0.00170594896574838
-0.0740688459666352 1.96453153040793 -0.00610841965258958
-0.0767391974658557 1.97118015820376 -0.0124723903011438
-0.0766045265774249 1.97234201816451 -0.0202509492302802
-0.0750819683743538 1.96659050932043 -0.0246414864098786
-0.0695196161425377 1.96054511086414 -0.0202530870203095
-0.0682273170927783 1.96014801952342 -0.0172952660551564
-0.0682041388072711 1.96569541679598 -0.0221979293509832
-0.0706750901097329 1.97040552775525 -0.0305562053578079
-0.0651289292758623 1.97964279056552 -0.0294861493479736
-0.0652129741060201 1.98015721714369 -0.0294958751797048
-0.057466722413588 1.96569321525448 -0.0129515572374577
-0.062685185694818 1.96935591803654 -0.0173607842448163
-0.069227677284191 1.96792927054091 -0.0222278373905082
-0.0670743133842532 1.97326851660948 -0.0241937199820907
-0.0596754632775551 1.97413558164739 -0.0192733536228281
-0.0534532495911623 1.95997662018004 -0.00951030506658158
-0.0577228399268113 1.94620550920825 -0.0114880026351812
-0.0715075254207657 1.95007172873324 -0.0202303961166415
-0.0762750173553148 1.96194565797156 -0.0232126665221825
-0.0661531898294698 1.96598202460778 -0.020770612259284
-0.0501470206777807 1.96473781492156 -0.0148642510223505
-0.050111926680468 1.96413334422906 -0.014856929410099
-0.0500563194593546 1.96104713725295 -0.0148878089374746
-0.055963258981051 1.95784573693062 -0.0109814306247823
-0.0559392821414406 1.95312827047608 -0.0109951194327439
-0.0643565516452593 1.96769968897191 -0.018355506961045
-0.0531101678122568 1.96974526039778 -0.0138874791554506
-0.0456188607816451 1.96180883192588 -0.00708983558052834
-0.0456194476974092 1.95202765602971 -0.00561586399948943
-0.0606682970044949 1.95180015430368 -0.00706709947145283
-0.0658237746121241 1.95438063622966 -0.01244123785122
-0.0658021415837914 1.96303412841441 -0.0124680482640458
-0.0476410419461927 1.96445830445652 -0.00756881483318813
-0.0475328615661485 1.96971821891286 -0.00755881721225059
-0.0510415014095769 1.93913669714959 0.00462856898029671
-0.0626636662474592 1.93908405691233 -0.00220104420206551
-0.0661737097224259 1.9473874357758 -0.0119587182727873
-0.0617847417438161 1.95812521092749 -0.0192814191225274
-0.0617710370100018 1.95711079426974 -0.0192885256163055
-0.0538768970800095 1.95555777543048 -0.00903486331990769
-0.0584881942881533 1.97085057299527 -0.0109828879317331
-0.0584101886348494 1.96407721061765 -0.0110129020143959
-0.0665509663144286 1.99134258920303 -0.0226721420555429
-0.0563151855733938 1.98133566386546 -0.0148793597912388
-0.0509030834461381 1.97261743156608 -0.00268693702238428
-0.0514709409815301 1.96676738944393 -0.000731549818595136
-0.0656016610691716 1.96747971401972 -0.0119540514620009
-0.0706246920068797 1.96610083465713 -0.0197842676002695
-0.0632256585114896 1.96009343267658 -0.0197538819645473
-0.0520364497752971 1.95374089603769 -0.0158459159661
-0.0520401846341717 1.96068565421282 -0.0158829610382167
-0.0514724598241351 1.95054640724016 -0.0178087310312829
-0.0616419855443273 1.95012492262036 -0.0271120588697122
-0.0784054412584349 1.96102014491153 -0.0387886284376611
-0.0740056849002214 1.97541398745389 -0.0408208736126241
-0.0593171286038748 1.98225017682533 -0.0344173867818941
-0.0452750168609027 1.98427130057677 -0.0261275232263411
-0.0476202613669414 1.97886516542496 -0.0275580588156784
-0.0617469616928733 1.98099182773848 -0.0309563596673595
-0.0711848386308074 1.97987216474282 -0.0340147388563023
-0.0666536655061073 1.97735528741703 -0.0329791371219195
-0.0569764284833883 1.96950147528046 -0.0260719066004363
-0.0544772182537503 1.96149790983039 -0.019816727270789
-0.0636720297147616 1.9568382168485 -0.0177927044823474
-0.0719550817729364 1.95983242939173 -0.0260913524998652
-0.0721423396366573 1.95687431017254 -0.0261587663914233
-0.0647214876606142 1.9734927243868 -0.0290301341153545
-0.0587670151540119 1.9682986088794 -0.0211992058116922
-0.0616247631110124 1.95325226275235 -0.0139467496084707
-0.0726138480663146 1.9564463884976 -0.0154052964135258
-0.0778626610603642 1.96739127584289 -0.0226912959367683
-0.074856361209864 1.97846693273343 -0.0271626157071542
-0.0748406876580035 1.98373290484677 -0.0271626211804178
-0.0611607106272066 1.97081801992383 -0.0163783647791541
-0.0646305040776232 1.96623443106748 -0.0109920694512737
-0.070433256076676 1.96844904606193 -0.0158416223977251
-0.0726040313623856 1.97216722195671 -0.024188904273288
-0.0725604088131549 1.97982536192573 -0.0207571698812208
-0.0726412340251945 1.97735506288364 -0.0207204870831944
-0.0725132538077055 1.97783694857098 -0.0207002207246696
-0.0670069901098226 1.95565897000656 -0.00366960712677245
-0.0670640550396288 1.95617583409208 -0.00365809056543086
-0.0819444222286755 1.97047175375448 -0.0153613527949828
-0.085355159055232 1.98299439047265 -0.0226959352049448
-0.0741208093222645 1.98319767522082 -0.0187637789325109
-0.0641914675550815 1.96292370167223 -0.00803910444552272
-0.0643366042094191 1.9623730030206 -0.00806756335690216
-0.0781755013121076 1.95595612965652 -0.0197539334263502
-0.08724146261748 1.97277622039176 -0.0314928777929207
-0.0773785023702154 1.97960736039755 -0.0333974513808215
-0.0592759917447878 1.98141060994437 -0.022268120719598
-0.0495105291494737 1.97249599455739 -0.0104793978834913
-0.0594612847706855 1.96617648284584 -0.013881513198722
-0.0594450406472951 1.96344460899646 -0.0138969948914251
-0.0811576614400089 1.9740449342904 -0.0222444021857252
-0.0701655033068326 1.97759655715306 -0.0192679589685885
-0.0545528898668033 1.97317594072633 -0.0124535050999792
-0.0519764028265492 1.95992507776294 -0.00855993243074587
-0.0674883291268073 1.95339149831032 -0.0148981920596492
-0.0765834900251888 1.95275921517501 -0.0216759872700278
-0.0734396838223642 1.96770011431056 -0.027582275119688
-0.0577455289860843 1.96792615448359 -0.0221670855337474
-0.047216068095735 1.9668626282248 -0.0153895622719755
-0.0495517113291723 1.95351327263754 -0.00804810408432266
-0.0495748874783558 1.95072104386883 -0.0080565034508177
-0.0687512501857974 1.96518004124939 -0.0193223312160368
-0.0627199157154843 1.97131392109719 -0.0226740535358247
-0.0628698149140849 1.96937651380316 -0.022736545654762
-0.0626926843901467 1.96612849219826 -0.0226824985873318
-0.0451126060031823 1.94977836101782 -0.00707292573164734
-0.0452276318582594 1.95275978708439 -0.00708061689617475
-0.0628702889261059 1.95643175926439 -0.0168636226055093
-0.0602860690225427 1.97292363121262 -0.0202811666388253
-0.0476918725133425 1.96693796082689 -0.0173036654689358
-0.0418197714070015 1.9569009706967 -0.0036594326222637
-0.0515660333998149 1.94293768747722 0.00463057425598782
-0.0665806100289428 1.9483451029846 -0.00415370450935414
-0.0750260807937067 1.96465732413524 -0.0168212982109393
-0.0650670038201914 1.96419801035336 -0.0178535191061445
-0.065348196917151 1.96911351107289 -0.0178308566721841
-0.0418211910299253 1.95289260980715 -0.00317014661499257
-0.0515095675061278 1.94904798847433 -0.00708952017208035
-0.0712179403876341 1.96103949470735 -0.0188129201559056
-0.0764341955464544 1.9693239072489 -0.0281035456256396
-0.0598959872255064 1.97506632403034 -0.0207332386397462
-0.0598698802824747 1.97046310395523 -0.0207503598577813
-0.0432844862024494 1.96290832314042 -0.00513003937232014
-0.0671428669872923 1.96719762595589 -0.0104780451689343
-0.0759845679841022 1.96878970010105 -0.0177911656576134
-0.0722003105408488 1.97493972024725 -0.0183130336272246
-0.0544205342582429 1.96558600616118 -0.0129373993521736
-0.0431937574925706 1.95385403156474 -0.00756901232647114
-0.0563427609638394 1.94455404991597 -0.00853081798554636
-0.0711343421529312 1.94232874096796 -0.0187813411229178
-0.0797479982829497 1.96222781422309 -0.0299906295561201
-0.064851516431199 1.97632988778787 -0.0300265778714868
-0.0645985546295741 1.97129513712217 -0.0299616075522507
-0.0461613913344324 1.97661351333811 -0.0285321131297723
-0.0431566483480957 1.97868795325045 -0.0217600791832774
-0.0515513810887224 1.97693508462596 -0.0217794465759608
-0.068177305011044 1.97841291090787 -0.0251670971528353
-0.0680233935971905 1.98062209992531 -0.0251803338366299
-0.06707790126281 1.98991102372526 -0.036956561411079
-0.0557742580810512 1.97643768951403 -0.0246241358333123
-0.0554475975642479 1.96443652685652 -0.0163884199810563
-0.0655313264635333 1.96142528792459 -0.021726427219872
-0.0709783611531773 1.96680415161618 -0.0343864782182873
-0.0700185898772344 1.97510919607281 -0.0388565152903126
-0.0593165235799212 1.97214186062598 -0.0291024190286973
-0.0548655604814743 1.9644545041986 -0.0178242120420302
-0.0598881407162396 1.95482094648598 -0.0148893172331181
-0.0718907258962699 1.95250933750934 -0.0255769879118678
-0.0772554140347382 1.97144563824345 -0.0333948954305314
-0.0677090615758532 1.98080102231419 -0.029599343662631
-0.0569089364681299 1.97127017388934 -0.0168807875985542
-0.0523794037942105 1.9619767555311 -0.0129299865122599
-0.0695851327277282 1.96008456548623 -0.0197312756200448
-0.0838054030097852 1.97365164770354 -0.0281043635162747
-0.0809041576651921 1.98295949510643 -0.0319363142807301
-0.0623386470102007 1.97544843915077 -0.0207479339417913
-0.0494715199960352 1.96375571613859 -0.00755178175769275
-0.0587850552045814 1.95452839797222 -0.00513857965719693
-0.078178256972644 1.96906115766667 -0.0173704081984643
-0.0838748538192727 1.97658161638642 -0.0202847437517252
-0.0749624466951634 1.976038501883 -0.0158596571287616
-0.0748573534410698 1.97926964388258 -0.0158484454641081
-0.0636100843863118 1.9748973893141 -0.00951535694727814
-0.0628625913462834 1.96202614348167 -0.00757190536018623
-0.0770599834695087 1.95840018376815 -0.0124824290963565
-0.07687254198717 1.96505847310118 -0.0124773687464269
-0.0872941225276065 1.97655731003629 -0.0256071341797537
-0.067764633330177 1.9745447770007 -0.0242126826756139
-0.0529383498034653 1.97597370609894 -0.0153753000896402
-0.0592903371097029 1.96410304805702 -0.015411295103556
-0.0593445183899823 1.96493657290808 -0.01536207061353
-0.0792405390185278 1.96588769068741 -0.0226593344548519
-0.0711466073586326 1.97068944436868 -0.0217398164888216
-0.0584037108874462 1.96450612148884 -0.0207601289936163
-0.0559968023335706 1.95481197082467 -0.0143967773792275
-0.0686275547775858 1.9443124587968 -0.0114689911565456
-0.0804479640223193 1.94996173929803 -0.0182793200434531
-0.0784276742857404 1.95858148334919 -0.0294726720620721
-0.0632938208624582 1.9753677985616 -0.0270368890780926
-0.0485151056780133 1.96541667640507 -0.0163545607694395
-0.0496673220899531 1.95736861762363 -0.0104917571136967
-0.0631689153838753 1.96819462016515 -0.0134004401160819
-0.0719570135326358 1.97494886159476 -0.0202484757867807
-0.0652516694165915 1.98266679643496 -0.0226878910247612
-0.0509777350112835 1.98015714852432 -0.0133962737007145
-0.0412105074997513 1.96781197608765 -0.00219628361206121
-0.04664883316611 1.9548284343142 -0.00268172371920924
-0.0630783042697579 1.95003888382745 -0.0139288229659988
-0.0631136260612326 1.95599427296915 -0.0139204383198415
-0.0632915816038093 1.95499493684775 -0.0138927478857047
-0.0623718249677076 1.97024035405932 -0.0187896433792412
-0.0456631470687413 1.9549636361789 -0.0056194595009619
-0.0455571736185521 1.96203105444004 -0.0056234760857041
-0.0540056836566918 1.95036688249465 -0.00709098148380853
-0.0710972305001355 1.96131610822352 -0.0139093215617964
-0.0723876412583666 1.96908499503508 -0.0188224976552227
-0.0557724462664753 1.9648302003927 -0.0100049814540083
-0.0422593656548956 1.95758581931952 -0.00268479715029526
-0.0431090946624036 1.94221131941036 -0.00220282589448377
-0.0583094516099429 1.94744127493982 -0.0114784361446782
-0.0723399479224228 1.95930679398887 -0.0221965832101282
-0.0645832875483633 1.97173527499919 -0.0237137278035956
-0.0462568661255223 1.96658666708318 -0.0168345041637258
-0.0353484634917174 1.95888166726927 -0.00757526017069036
-0.0461318095463645 1.9558234036357 -0.00463010732013019
-0.0461763364979234 1.95498293145375 -0.00464314413830203
-0.0720824075902497 1.97083931526507 -0.0193113305628639
-0.063860546966106 1.97327229414153 -0.018787114494531
